5 0.185813 0.064502 0.078969 0.097936
6 0.063911 0.197607 0.060089 0.079555
6 0.187991 0.196677 0.062062 0.083390
6 0.311067 0.196655 0.062062 0.083381
6 0.435129 0.194715 0.062062 0.083381
6 0.559187 0.198594 0.062071 0.083381
6 0.687124 0.198594 0.062071 0.083381
6 0.809244 0.198594 0.062062 0.083381
6 0.935244 0.196655 0.062062 0.083381
7 0.438000 0.936824 0.094987 0.098950
8 0.561093 0.937794 0.093049 0.097011
9 0.936182 0.940703 0.071724 0.091192
9 0.064884 0.943621 0.071724 0.091192
11 0.186018 0.939733 0.083324 0.097011
11 0.805369 0.937802 0.083324 0.097011
10 0.310062 0.932940 0.067840 0.098941
10 0.685187 0.937802 0.067849 0.098950
12 0.063071 0.818794 0.066960 0.084190
12 0.189280 0.817869 0.066951 0.084190
12 0.312880 0.819586 0.066951 0.084190
12 0.438196 0.819586 0.066951 0.084190
12 0.560080 0.817869 0.066951 0.084190
12 0.685404 0.819586 0.066951 0.084190
12 0.810720 0.819586 0.066951 0.084190
12 0.934320 0.819586 0.066951 0.084190
5 0.809004 0.064431 0.078969 0.097936
0 0.499467 0.501254 0.995111 0.997491
1 0.437893 0.062149 0.093351 0.099404
3 0.065471 0.069106 0.071511 0.089457
3 0.937507 0.066179 0.071511 0.089457
4 0.310773 0.065133 0.065547 0.101388
4 0.685253 0.064190 0.065547 0.101388
