11 0.816665 0.933335 0.076813 0.102902
11 0.189835 0.936937 0.076813 0.102893
9 0.936955 0.940580 0.071018 0.092750
9 0.063750 0.939112 0.071018 0.092759
12 0.936955 0.821737 0.063768 0.084062
12 0.812321 0.821737 0.063768 0.084062
12 0.687679 0.820290 0.063768 0.084062
12 0.564491 0.820290 0.063768 0.084062
12 0.438411 0.821737 0.063768 0.084062
12 0.312321 0.820290 0.063768 0.084062
12 0.187679 0.821737 0.063768 0.084062
12 0.064473 0.818821 0.063768 0.084054
6 0.935509 0.197103 0.067750 0.084009
6 0.812321 0.195647 0.067750 0.084009
8 0.564473 0.935924 0.078268 0.100866
6 0.687679 0.197103 0.067750 0.084009
6 0.561598 0.197103 0.067750 0.084009
6 0.436955 0.195647 0.067750 0.084009
6 0.312321 0.195647 0.067750 0.084009
6 0.186232 0.194201 0.067750 0.084009
6 0.062946 0.196513 0.067750 0.084009
2 0.565076 0.061688 0.077241 0.101625
5 0.815071 0.061688 0.078589 0.101625
5 0.191089 0.062366 0.077232 0.102982
10 0.690580 0.933335 0.071018 0.107241
4 0.688813 0.061321 0.074071 0.108268
4 0.316317 0.059893 0.069777 0.105411
3 0.940951 0.067732 0.076920 0.092589
3 0.064170 0.067018 0.072643 0.094018
1 0.438813 0.059183 0.086893 0.106830
0 0.500388 0.500067 0.999223 0.994295
10 0.314473 0.934763 0.071018 0.107241
7 0.439125 0.933312 0.079679 0.110143
