5 0.187226 0.908265 0.075431 0.098539
0 0.500163 0.500000 0.999674 1.000000
12 0.066072 0.188630 0.058438 0.089224
12 0.189755 0.189384 0.058438 0.089224
12 0.313508 0.189384 0.058438 0.089224
12 0.435536 0.189384 0.058438 0.089224
12 0.559301 0.191073 0.058462 0.089224
12 0.686492 0.189384 0.058438 0.089224
12 0.808520 0.191073 0.058438 0.089224
12 0.933998 0.189384 0.058438 0.089224
1 0.560932 0.908413 0.095431 0.100890
3 0.066445 0.909966 0.072051 0.096553
3 0.929545 0.910285 0.072051 0.096553
4 0.313438 0.909715 0.072378 0.096507
4 0.683776 0.911404 0.072354 0.096507
6 0.065909 0.793801 0.053217 0.084315
6 0.188858 0.793813 0.053240 0.084292
6 0.313427 0.793813 0.053240 0.084292
6 0.435746 0.793813 0.053217 0.084292
6 0.559196 0.793813 0.053217 0.084292
6 0.684907 0.793813 0.053217 0.084292
6 0.806096 0.793813 0.053217 0.084292
6 0.931807 0.793813 0.053217 0.084292
2 0.437179 0.906724 0.091189 0.095457
5 0.803543 0.908379 0.075431 0.098539
7 0.564138 0.060776 0.091772 0.097397
8 0.438893 0.061724 0.089860 0.095502
9 0.067028 0.061724 0.068834 0.095502
9 0.931154 0.064600 0.068834 0.095502
10 0.316538 0.061724 0.078392 0.097374
10 0.686422 0.060856 0.078392 0.097374
11 0.186515 0.062648 0.078392 0.101142
11 0.804953 0.062728 0.078392 0.101119
