5 0.812603 0.938554 0.090995 0.087550
12 0.937312 0.194443 0.065719 0.085853
12 0.812603 0.194443 0.065729 0.085853
12 0.687899 0.194443 0.065729 0.085853
12 0.563196 0.194443 0.065729 0.085853
12 0.438492 0.194443 0.065729 0.085853
5 0.185769 0.936933 0.090995 0.087540
11 0.810236 0.064603 0.093719 0.091757
11 0.187819 0.065527 0.093729 0.091757
10 0.686518 0.062736 0.093719 0.097380
10 0.315286 0.064593 0.093729 0.097380
9 0.935834 0.066481 0.076854 0.091757
9 0.065030 0.067405 0.076854 0.091757
8 0.440879 0.065527 0.104975 0.099247
12 0.313784 0.196130 0.065719 0.085853
7 0.563633 0.064543 0.094744 0.092400
6 0.935256 0.814513 0.067980 0.091797
6 0.810633 0.813253 0.067980 0.091807
6 0.687271 0.814513 0.067970 0.091797
6 0.562648 0.814513 0.067970 0.091797
6 0.438025 0.814513 0.067970 0.091797
6 0.314663 0.814513 0.067980 0.091797
6 0.188779 0.815768 0.067970 0.091797
6 0.065477 0.815156 0.067980 0.091797
4 0.686015 0.936491 0.089377 0.093062
4 0.315352 0.931481 0.089377 0.093062
3 0.936518 0.939006 0.079307 0.084257
3 0.066106 0.940914 0.079307 0.084257
1 0.562437 0.937349 0.095427 0.095120
0 0.500060 0.500904 0.999317 0.993273
0 0.500899 0.502134 0.997638 0.995733
12 0.189080 0.194443 0.065719 0.085853
12 0.065276 0.193665 0.065729 0.085863
2 0.439392 0.934408 0.102804 0.095964
