0 0.499467 0.501254 0.995111 0.997491
2 0.064106 0.314225 0.107813 0.107918
4 0.064106 0.563598 0.065547 0.101388
3 0.312883 0.064852 0.071511 0.089457
5 0.810439 0.314225 0.078969 0.097936
12 0.934828 0.937657 0.066951 0.084190
12 0.312883 0.314225 0.066951 0.084190
12 0.188494 0.937657 0.066951 0.084190
12 0.934828 0.438911 0.066960 0.084190
10 0.561661 0.563598 0.067849 0.098950
11 0.686050 0.438911 0.083324 0.097011
9 0.810439 0.563598 0.071724 0.091192
7 0.934828 0.688284 0.094987 0.098950
6 0.686050 0.688284 0.062062 0.083381
6 0.561661 0.064852 0.062071 0.083381
6 0.064106 0.064852 0.062062 0.083381
6 0.064106 0.812970 0.062062 0.083390
6 0.312883 0.688284 0.062062 0.083381
4 0.686050 0.064852 0.065547 0.101388
3 0.934828 0.064852 0.071511 0.089457
1 0.934828 0.812970 0.093351 0.099404
12 0.561661 0.189538 0.066951 0.084190
12 0.561661 0.688284 0.066951 0.084190
12 0.188494 0.314225 0.066951 0.084190
12 0.810439 0.688284 0.066951 0.084190
10 0.934828 0.314225 0.067840 0.098941
11 0.686050 0.563598 0.083324 0.097011
9 0.064106 0.688284 0.071724 0.091192
8 0.312883 0.189538 0.093049 0.097011
6 0.686050 0.314225 0.062071 0.083381
6 0.188494 0.563598 0.062062 0.083381
6 0.686050 0.812970 0.060089 0.079555
5 0.561661 0.937657 0.078969 0.097936
