0 0.500388 0.500067 0.999223 0.994295
3 0.937549 0.686497 0.072643 0.094018
4 0.188131 0.686497 0.069777 0.105411
5 0.063228 0.810784 0.078589 0.101625
2 0.687743 0.935071 0.077241 0.101625
6 0.188131 0.437924 0.067750 0.084009
6 0.063228 0.562210 0.067750 0.084009
6 0.188131 0.189350 0.067750 0.084009
6 0.313034 0.810784 0.067750 0.084009
12 0.313034 0.562210 0.063768 0.084054
12 0.937549 0.189350 0.063768 0.084062
12 0.313034 0.313637 0.063768 0.084062
12 0.812646 0.810784 0.063768 0.084062
9 0.562840 0.562210 0.071018 0.092750
11 0.562840 0.065063 0.076813 0.102893
10 0.562840 0.313637 0.071018 0.107241
7 0.437937 0.437924 0.079679 0.110143
1 0.937549 0.313637 0.086893 0.106830
3 0.812646 0.686497 0.076920 0.092589
4 0.313034 0.437924 0.074071 0.108268
5 0.562840 0.189350 0.077232 0.102982
6 0.812646 0.935071 0.067750 0.084009
6 0.437937 0.562210 0.067750 0.084009
6 0.437937 0.065063 0.067750 0.084009
6 0.687743 0.562210 0.067750 0.084009
12 0.562840 0.935071 0.063768 0.084062
12 0.687743 0.810784 0.063768 0.084062
12 0.313034 0.935071 0.063768 0.084062
12 0.063228 0.686497 0.063768 0.084062
9 0.188131 0.562210 0.071018 0.092759
11 0.687743 0.065063 0.076813 0.102902
10 0.937549 0.562210 0.071018 0.107241
8 0.063228 0.935071 0.078268 0.100866
