0 0.500060 0.500904 0.999317 0.993273
12 0.313842 0.315434 0.065719 0.085853
3 0.687957 0.439900 0.079307 0.084257
4 0.937366 0.190967 0.089377 0.093062
6 0.189138 0.688833 0.067980 0.091797
6 0.438547 0.190967 0.067980 0.091797
6 0.687957 0.688833 0.067970 0.091797
6 0.937366 0.688833 0.067980 0.091807
7 0.812661 0.813300 0.094744 0.092400
9 0.438547 0.937767 0.076854 0.091757
10 0.064433 0.813300 0.093729 0.097380
11 0.563252 0.813300 0.093719 0.091757
5 0.563252 0.315434 0.090995 0.087540
12 0.438547 0.688833 0.065729 0.085853
12 0.313842 0.564367 0.065729 0.085853
12 0.189138 0.190967 0.065719 0.085853
2 0.563252 0.564367 0.102804 0.095964
12 0.313842 0.937767 0.065729 0.085863
1 0.189138 0.066500 0.095427 0.095120
3 0.563252 0.937767 0.079307 0.084257
4 0.937366 0.066500 0.089377 0.093062
6 0.313842 0.688833 0.067970 0.091797
6 0.438547 0.315434 0.067970 0.091797
6 0.064433 0.688833 0.067970 0.091797
6 0.064433 0.190967 0.067980 0.091797
12 0.812661 0.937767 0.065719 0.085853
8 0.313842 0.190967 0.104975 0.099247
9 0.563252 0.190967 0.076854 0.091757
10 0.438547 0.564367 0.093719 0.097380
11 0.812661 0.190967 0.093729 0.091757
12 0.687957 0.066500 0.065729 0.085853
12 0.812661 0.439900 0.065729 0.085853
5 0.937366 0.315434 0.090995 0.087550
