0 0.500163 0.500000 0.999674 1.000000
6 0.437684 0.937500 0.053217 0.084315
11 0.812561 0.312500 0.078392 0.101119
10 0.937520 0.437500 0.078392 0.097374
9 0.312724 0.312500 0.068834 0.095502
7 0.562643 0.812500 0.091772 0.097397
2 0.187765 0.187500 0.091189 0.095457
6 0.687602 0.937500 0.053217 0.084292
6 0.937520 0.687500 0.053217 0.084292
6 0.937520 0.187500 0.053240 0.084292
4 0.187765 0.937500 0.072354 0.096507
3 0.187765 0.437500 0.072051 0.096553
12 0.062806 0.812500 0.058438 0.089224
12 0.687602 0.437500 0.058438 0.089224
12 0.812561 0.062500 0.058438 0.089224
12 0.812561 0.562500 0.058438 0.089224
5 0.687602 0.187500 0.075431 0.098539
11 0.937520 0.062500 0.078392 0.101142
10 0.062806 0.187500 0.078392 0.097374
9 0.062806 0.687500 0.068834 0.095502
8 0.187765 0.562500 0.089860 0.095502
5 0.062806 0.437500 0.075431 0.098539
6 0.187765 0.062500 0.053217 0.084292
6 0.687602 0.312500 0.053217 0.084292
6 0.562643 0.937500 0.053217 0.084292
6 0.937520 0.312500 0.053240 0.084292
4 0.812561 0.187500 0.072378 0.096507
3 0.062806 0.937500 0.072051 0.096553
1 0.812561 0.437500 0.095431 0.100890
12 0.312724 0.937500 0.058438 0.089224
12 0.437684 0.812500 0.058462 0.089224
12 0.312724 0.687500 0.058438 0.089224
12 0.812561 0.687500 0.058438 0.089224
