0 0.500899 0.502134 0.997638 0.995733
12 0.812347 0.066347 0.065719 0.085853
12 0.187774 0.687142 0.065729 0.085853
12 0.062859 0.562983 0.065729 0.085853
5 0.187774 0.935461 0.090995 0.087540
11 0.437603 0.438824 0.093719 0.091757
10 0.812347 0.811301 0.093729 0.097380
9 0.937261 0.190506 0.076854 0.091757
7 0.312688 0.314665 0.094744 0.092400
6 0.187774 0.438824 0.067980 0.091807
6 0.687432 0.438824 0.067970 0.091797
6 0.937261 0.687142 0.067980 0.091797
6 0.562518 0.811301 0.067980 0.091797
4 0.437603 0.935461 0.089377 0.093062
3 0.562518 0.314665 0.079307 0.084257
12 0.437603 0.190506 0.065719 0.085853
2 0.687432 0.935461 0.102804 0.095964
5 0.687432 0.314665 0.090995 0.087550
12 0.062859 0.687142 0.065729 0.085853
12 0.562518 0.190506 0.065729 0.085853
11 0.687432 0.811301 0.093729 0.091757
10 0.437603 0.066347 0.093719 0.097380
9 0.187774 0.066347 0.076854 0.091757
8 0.312688 0.438824 0.104975 0.099247
12 0.187774 0.811301 0.065719 0.085853
6 0.812347 0.438824 0.067980 0.091797
6 0.062859 0.438824 0.067970 0.091797
6 0.187774 0.562983 0.067970 0.091797
6 0.937261 0.811301 0.067970 0.091797
4 0.437603 0.811301 0.089377 0.093062
3 0.687432 0.562983 0.079307 0.084257
1 0.187774 0.314665 0.095427 0.095120
12 0.937261 0.562983 0.065729 0.085863
