0 0.500388 0.500067 0.999223 0.994295
11 0.313034 0.810784 0.076813 0.102893
9 0.313034 0.313637 0.071018 0.092750
12 0.063228 0.810784 0.063768 0.084062
12 0.687743 0.437924 0.063768 0.084062
12 0.437937 0.935071 0.063768 0.084062
12 0.562840 0.313637 0.063768 0.084054
6 0.687743 0.935071 0.067750 0.084009
6 0.437937 0.686497 0.067750 0.084009
6 0.562840 0.562210 0.067750 0.084009
6 0.063228 0.562210 0.067750 0.084009
2 0.687743 0.189350 0.077241 0.101625
5 0.437937 0.189350 0.078589 0.101625
10 0.313034 0.065063 0.071018 0.107241
4 0.812646 0.313637 0.069777 0.105411
3 0.188131 0.686497 0.072643 0.094018
7 0.812646 0.810784 0.079679 0.110143
11 0.437937 0.065063 0.076813 0.102902
9 0.562840 0.686497 0.071018 0.092759
12 0.562840 0.935071 0.063768 0.084062
12 0.063228 0.686497 0.063768 0.084062
12 0.063228 0.437924 0.063768 0.084062
12 0.937549 0.562210 0.063768 0.084062
6 0.063228 0.935071 0.067750 0.084009
8 0.313034 0.189350 0.078268 0.100866
6 0.562840 0.437924 0.067750 0.084009
6 0.437937 0.810784 0.067750 0.084009
6 0.063228 0.189350 0.067750 0.084009
5 0.812646 0.437924 0.077232 0.102982
4 0.687743 0.562210 0.074071 0.108268
3 0.437937 0.313637 0.076920 0.092589
1 0.313034 0.935071 0.086893 0.106830
10 0.687743 0.810784 0.071018 0.107241
