0 0.500060 0.500904 0.999317 0.993273
7 0.563633 0.064543 0.094744 0.092400
8 0.440879 0.065527 0.104975 0.099247
9 0.065030 0.067405 0.076854 0.091757
9 0.935834 0.066481 0.076854 0.091757
10 0.315286 0.064593 0.093729 0.097380
10 0.686518 0.062736 0.093719 0.097380
11 0.187819 0.065527 0.093729 0.091757
11 0.810236 0.064603 0.093719 0.091757
7 0.563633 0.313476 0.094744 0.092400
8 0.440879 0.314460 0.104975 0.099247
9 0.065030 0.316338 0.076854 0.091757
9 0.935834 0.315414 0.076854 0.091757
10 0.315286 0.313527 0.093729 0.097380
10 0.686518 0.311669 0.093719 0.097380
11 0.187819 0.314460 0.093729 0.091757
11 0.810236 0.313537 0.093719 0.091757
7 0.563633 0.562410 0.094744 0.092400
8 0.440879 0.563394 0.104975 0.099247
9 0.065030 0.565271 0.076854 0.091757
9 0.935834 0.564347 0.076854 0.091757
10 0.315286 0.562460 0.093729 0.097380
10 0.686518 0.560602 0.093719 0.097380
11 0.187819 0.563394 0.093729 0.091757
11 0.810236 0.562470 0.093719 0.091757
7 0.563633 0.811343 0.094744 0.092400
8 0.440879 0.812327 0.104975 0.099247
9 0.065030 0.814204 0.076854 0.091757
9 0.935834 0.813281 0.076854 0.091757
10 0.315286 0.811393 0.093729 0.097380
10 0.686518 0.809536 0.093719 0.097380
11 0.187819 0.812327 0.093729 0.091757
11 0.810236 0.811403 0.093719 0.091757
1 0.562437 0.190550 0.095427 0.095120
3 0.066106 0.194114 0.079307 0.084257
3 0.936518 0.192206 0.079307 0.084257
4 0.315352 0.184681 0.089377 0.093062
4 0.686015 0.189691 0.089377 0.093062
5 0.185769 0.190133 0.090995 0.087540
5 0.812603 0.191755 0.090995 0.087550
2 0.439392 0.187608 0.102804 0.095964
1 0.562437 0.439483 0.095427 0.095120
3 0.066106 0.443047 0.079307 0.084257
3 0.936518 0.441140 0.079307 0.084257
4 0.315352 0.433614 0.089377 0.093062
4 0.686015 0.438624 0.089377 0.093062
5 0.185769 0.439066 0.090995 0.087540
5 0.812603 0.440688 0.090995 0.087550
2 0.439392 0.436541 0.102804 0.095964
1 0.562437 0.688416 0.095427 0.095120
3 0.066106 0.691980 0.079307 0.084257
3 0.936518 0.690073 0.079307 0.084257
4 0.315352 0.682548 0.089377 0.093062
4 0.686015 0.687558 0.089377 0.093062
5 0.185769 0.687999 0.090995 0.087540
5 0.812603 0.689621 0.090995 0.087550
2 0.439392 0.685474 0.102804 0.095964
1 0.562437 0.937349 0.095427 0.095120
3 0.066106 0.940914 0.079307 0.084257
3 0.936518 0.939006 0.079307 0.084257
4 0.315352 0.931481 0.089377 0.093062
4 0.686015 0.936491 0.089377 0.093062
5 0.185769 0.936933 0.090995 0.087540
5 0.812603 0.938554 0.090995 0.087550
2 0.439392 0.934408 0.102804 0.095964
