0 0.499467 0.501254 0.995111 0.997491
5 0.185813 0.064502 0.078969 0.097936
5 0.809004 0.064431 0.078969 0.097936
1 0.437893 0.062149 0.093351 0.099404
3 0.065471 0.069106 0.071511 0.089457
3 0.937507 0.066179 0.071511 0.089457
4 0.310773 0.065133 0.065547 0.101388
4 0.685253 0.064190 0.065547 0.101388
5 0.185813 0.313875 0.078969 0.097936
5 0.809004 0.313803 0.078969 0.097936
1 0.437893 0.311521 0.093351 0.099404
3 0.065471 0.318479 0.071511 0.089457
3 0.937507 0.315552 0.071511 0.089457
4 0.310773 0.314506 0.065547 0.101388
4 0.685253 0.313563 0.065547 0.101388
5 0.185813 0.563247 0.078969 0.097936
5 0.809004 0.563176 0.078969 0.097936
1 0.437893 0.560894 0.093351 0.099404
3 0.065471 0.567851 0.071511 0.089457
3 0.937507 0.564924 0.071511 0.089457
4 0.310773 0.563879 0.065547 0.101388
4 0.685253 0.562936 0.065547 0.101388
5 0.185813 0.812620 0.078969 0.097936
5 0.809004 0.812549 0.078969 0.097936
1 0.437893 0.810267 0.093351 0.099404
3 0.065471 0.817224 0.071511 0.089457
3 0.937507 0.814297 0.071511 0.089457
4 0.310773 0.813252 0.065547 0.101388
4 0.685253 0.812309 0.065547 0.101388
7 0.438000 0.188706 0.094987 0.098950
8 0.561093 0.189675 0.093049 0.097011
9 0.936182 0.192585 0.071724 0.091192
9 0.064884 0.195503 0.071724 0.091192
11 0.186018 0.191615 0.083324 0.097011
11 0.805369 0.189684 0.083324 0.097011
10 0.310062 0.184822 0.067840 0.098941
10 0.685187 0.189684 0.067849 0.098950
7 0.438000 0.438078 0.094987 0.098950
8 0.561093 0.439048 0.093049 0.097011
9 0.936182 0.441957 0.071724 0.091192
9 0.064884 0.444875 0.071724 0.091192
11 0.186018 0.440988 0.083324 0.097011
11 0.805369 0.439057 0.083324 0.097011
10 0.310062 0.434195 0.067840 0.098941
10 0.685187 0.439057 0.067849 0.098950
7 0.438000 0.687451 0.094987 0.098950
8 0.561093 0.688421 0.093049 0.097011
9 0.936182 0.691330 0.071724 0.091192
9 0.064884 0.694248 0.071724 0.091192
11 0.186018 0.690360 0.083324 0.097011
11 0.805369 0.688430 0.083324 0.097011
10 0.310062 0.683568 0.067840 0.098941
10 0.685187 0.688430 0.067849 0.098950
7 0.438000 0.936824 0.094987 0.098950
8 0.561093 0.937794 0.093049 0.097011
9 0.936182 0.940703 0.071724 0.091192
9 0.064884 0.943621 0.071724 0.091192
11 0.186018 0.939733 0.083324 0.097011
11 0.805369 0.937802 0.083324 0.097011
10 0.310062 0.932940 0.067840 0.098941
10 0.685187 0.937802 0.067849 0.098950
