0 0.500388 0.500067 0.999223 0.994295
1 0.438813 0.059183 0.086893 0.106830
3 0.064170 0.067018 0.072643 0.094018
3 0.940951 0.067732 0.076920 0.092589
4 0.316317 0.059893 0.069777 0.105411
4 0.688813 0.061321 0.074071 0.108268
5 0.191089 0.062366 0.077232 0.102982
5 0.815071 0.061688 0.078589 0.101625
2 0.565076 0.061688 0.077241 0.101625
1 0.438813 0.307757 0.086893 0.106830
3 0.064170 0.315592 0.072643 0.094018
3 0.940951 0.316306 0.076920 0.092589
4 0.316317 0.308467 0.069777 0.105411
4 0.688813 0.309895 0.074071 0.108268
5 0.191089 0.310940 0.077232 0.102982
5 0.815071 0.310261 0.078589 0.101625
2 0.565076 0.310261 0.077241 0.101625
1 0.438813 0.556330 0.086893 0.106830
3 0.064170 0.564165 0.072643 0.094018
3 0.940951 0.564879 0.076920 0.092589
4 0.316317 0.557040 0.069777 0.105411
4 0.688813 0.558469 0.074071 0.108268
5 0.191089 0.559513 0.077232 0.102982
5 0.815071 0.558835 0.078589 0.101625
2 0.565076 0.558835 0.077241 0.101625
1 0.438813 0.804904 0.086893 0.106830
3 0.064170 0.812739 0.072643 0.094018
3 0.940951 0.813453 0.076920 0.092589
4 0.316317 0.805614 0.069777 0.105411
4 0.688813 0.807042 0.074071 0.108268
5 0.191089 0.808087 0.077232 0.102982
5 0.815071 0.807408 0.078589 0.101625
2 0.565076 0.807408 0.077241 0.101625
9 0.063750 0.193391 0.071018 0.092759
9 0.936955 0.194859 0.071018 0.092750
11 0.189835 0.191217 0.076813 0.102893
11 0.816665 0.187614 0.076813 0.102902
10 0.314473 0.189042 0.071018 0.107241
10 0.690580 0.187614 0.071018 0.107241
7 0.439125 0.187592 0.079679 0.110143
8 0.564473 0.190203 0.078268 0.100866
9 0.063750 0.441964 0.071018 0.092759
9 0.936955 0.443433 0.071018 0.092750
11 0.189835 0.439790 0.076813 0.102893
11 0.816665 0.436188 0.076813 0.102902
10 0.314473 0.437616 0.071018 0.107241
10 0.690580 0.436188 0.071018 0.107241
7 0.439125 0.436165 0.079679 0.110143
8 0.564473 0.438777 0.078268 0.100866
9 0.063750 0.690538 0.071018 0.092759
9 0.936955 0.692007 0.071018 0.092750
11 0.189835 0.688364 0.076813 0.102893
11 0.816665 0.684761 0.076813 0.102902
10 0.314473 0.686190 0.071018 0.107241
10 0.690580 0.684761 0.071018 0.107241
7 0.439125 0.684739 0.079679 0.110143
8 0.564473 0.687350 0.078268 0.100866
9 0.063750 0.939112 0.071018 0.092759
9 0.936955 0.940580 0.071018 0.092750
11 0.189835 0.936937 0.076813 0.102893
11 0.816665 0.933335 0.076813 0.102902
10 0.314473 0.934763 0.071018 0.107241
10 0.690580 0.933335 0.071018 0.107241
7 0.439125 0.933312 0.079679 0.110143
8 0.564473 0.935924 0.078268 0.100866
