0 0.500163 0.500000 0.999674 1.000000
7 0.564138 0.060776 0.091772 0.097397
8 0.438893 0.061724 0.089860 0.095502
9 0.067028 0.061724 0.068834 0.095502
9 0.931154 0.064600 0.068834 0.095502
10 0.316538 0.061724 0.078392 0.097374
10 0.686422 0.060856 0.078392 0.097374
11 0.186515 0.062648 0.078392 0.101142
11 0.804953 0.062728 0.078392 0.101119
7 0.564138 0.310776 0.091772 0.097397
8 0.438893 0.311724 0.089860 0.095502
9 0.067028 0.311724 0.068834 0.095502
9 0.931154 0.314600 0.068834 0.095502
10 0.316538 0.311724 0.078392 0.097374
10 0.686422 0.310856 0.078392 0.097374
11 0.186515 0.312648 0.078392 0.101142
11 0.804953 0.312728 0.078392 0.101119
7 0.564138 0.560776 0.091772 0.097397
8 0.438893 0.561724 0.089860 0.095502
9 0.067028 0.561724 0.068834 0.095502
9 0.931154 0.564600 0.068834 0.095502
10 0.316538 0.561724 0.078392 0.097374
10 0.686422 0.560856 0.078392 0.097374
11 0.186515 0.562648 0.078392 0.101142
11 0.804953 0.562728 0.078392 0.101119
7 0.564138 0.810776 0.091772 0.097397
8 0.438893 0.811724 0.089860 0.095502
9 0.067028 0.811724 0.068834 0.095502
9 0.931154 0.814600 0.068834 0.095502
10 0.316538 0.811724 0.078392 0.097374
10 0.686422 0.810856 0.078392 0.097374
11 0.186515 0.812648 0.078392 0.101142
11 0.804953 0.812728 0.078392 0.101119
5 0.187226 0.158265 0.075431 0.098539
1 0.560932 0.158413 0.095431 0.100890
3 0.066445 0.159966 0.072051 0.096553
3 0.929545 0.160285 0.072051 0.096553
4 0.313438 0.159715 0.072378 0.096507
4 0.683776 0.161404 0.072354 0.096507
2 0.437179 0.156724 0.091189 0.095457
5 0.803543 0.158379 0.075431 0.098539
5 0.187226 0.408265 0.075431 0.098539
1 0.560932 0.408413 0.095431 0.100890
3 0.066445 0.409966 0.072051 0.096553
3 0.929545 0.410285 0.072051 0.096553
4 0.313438 0.409715 0.072378 0.096507
4 0.683776 0.411404 0.072354 0.096507
2 0.437179 0.406724 0.091189 0.095457
5 0.803543 0.408379 0.075431 0.098539
5 0.187226 0.658265 0.075431 0.098539
1 0.560932 0.658413 0.095431 0.100890
3 0.066445 0.659966 0.072051 0.096553
3 0.929545 0.660285 0.072051 0.096553
4 0.313438 0.659715 0.072378 0.096507
4 0.683776 0.661404 0.072354 0.096507
2 0.437179 0.656724 0.091189 0.095457
5 0.803543 0.658379 0.075431 0.098539
5 0.187226 0.908265 0.075431 0.098539
1 0.560932 0.908413 0.095431 0.100890
3 0.066445 0.909966 0.072051 0.096553
3 0.929545 0.910285 0.072051 0.096553
4 0.313438 0.909715 0.072378 0.096507
4 0.683776 0.911404 0.072354 0.096507
2 0.437179 0.906724 0.091189 0.095457
5 0.803543 0.908379 0.075431 0.098539
