9 0.205504 0.222427 0.047863 0.058011
4 0.281073 0.761472 0.048905 0.057233
10 0.356546 0.299288 0.049010 0.058824
8 0.205300 0.529191 0.047159 0.060097
7 0.356381 0.221680 0.049861 0.059788
1 0.583193 0.759991 0.049896 0.059664
0 0.393736 0.488718 0.606898 0.619770
11 0.583962 0.221384 0.047732 0.059708
6 0.583301 0.532498 0.043649 0.054828
5 0.281182 0.529142 0.048202 0.060000
12 0.583384 0.455628 0.043640 0.055075
6 0.658775 0.609620 0.044483 0.054836
9 0.658997 0.299496 0.047150 0.057648
6 0.356716 0.532480 0.044970 0.054651
12 0.507850 0.302016 0.043588 0.054218
6 0.507906 0.609531 0.044396 0.054483
12 0.281182 0.301866 0.043632 0.054589
3 0.507880 0.761180 0.047871 0.057569
6 0.281043 0.378700 0.042467 0.054271
6 0.129831 0.686340 0.043258 0.054819
3 0.130017 0.760933 0.047958 0.058488
12 0.205626 0.455875 0.042076 0.054103
6 0.205343 0.609646 0.041894 0.053616
12 0.129826 0.302020 0.042363 0.054103
2 0.356342 0.760999 0.050478 0.059010
6 0.023184 0.146432 0.021017 0.029010
