11 0.506816 0.374271 0.049531 0.060584
12 0.109240 0.823408 0.018393 0.026393
6 0.023175 0.146410 0.021138 0.029125
10 0.507103 0.758289 0.044457 0.062697
1 0.659153 0.681618 0.057107 0.061768
12 0.507715 0.301994 0.039983 0.052511
6 0.129605 0.686481 0.041242 0.053740
12 0.129592 0.301813 0.040660 0.053280
12 0.280904 0.378811 0.039705 0.052776
6 0.356581 0.532476 0.039296 0.052502
9 0.129917 0.222445 0.046525 0.057427
6 0.280877 0.532529 0.039757 0.052874
6 0.205226 0.686481 0.041416 0.053599
12 0.205226 0.301795 0.039835 0.052891
3 0.583110 0.607206 0.045248 0.056163
11 0.431247 0.681897 0.049687 0.060663
7 0.356920 0.296477 0.057576 0.062166
9 0.658897 0.376503 0.046377 0.056755
0 0.394118 0.489567 0.606447 0.618444
