6 0.205113 0.686384 0.039262 0.052396
6 0.023210 0.146419 0.021121 0.029266
3 0.507646 0.761264 0.045161 0.055880
6 0.583171 0.686123 0.039235 0.052423
5 0.355647 0.681905 0.049244 0.059620
6 0.129531 0.686309 0.040400 0.053165
3 0.129731 0.761030 0.046638 0.057498
12 0.583236 0.301768 0.039540 0.052644
12 0.356503 0.378643 0.039088 0.052352
6 0.356507 0.532392 0.038871 0.052405
4 0.431633 0.604218 0.043406 0.061574
1 0.583345 0.758201 0.056403 0.061706
12 0.129583 0.301799 0.040539 0.052935
6 0.658801 0.686362 0.039826 0.052511
10 0.356108 0.450124 0.042937 0.062299
12 0.658727 0.301848 0.040599 0.053015
12 0.205169 0.301813 0.039583 0.052608
10 0.431703 0.296561 0.043562 0.061945
7 0.432589 0.219695 0.057619 0.062202
9 0.129852 0.222347 0.046116 0.057091
2 0.356825 0.758656 0.057611 0.061096
9 0.659027 0.222423 0.046186 0.056640
11 0.280013 0.374452 0.049444 0.060539
0 0.393910 0.488908 0.606707 0.619938
