2 0.432654 0.219982 0.057854 0.061167
6 0.129639 0.301773 0.040130 0.052989
9 0.129722 0.761048 0.046829 0.058347
6 0.583241 0.301888 0.039114 0.052405
10 0.507072 0.758236 0.044049 0.062697
9 0.659127 0.761105 0.046299 0.057790
12 0.356377 0.609310 0.039548 0.052325
6 0.356494 0.301658 0.039314 0.052847
0 0.394314 0.488652 0.606351 0.620345
12 0.658714 0.686534 0.040452 0.053351
11 0.582363 0.759076 0.049383 0.061034
1 0.356807 0.219465 0.057350 0.061866
8 0.432320 0.759005 0.057446 0.061123
4 0.507285 0.219686 0.043067 0.061653
5 0.506868 0.374218 0.048749 0.060141
11 0.204518 0.759191 0.049522 0.061229
12 0.507650 0.455716 0.039609 0.052935
12 0.129496 0.686477 0.040626 0.053696
12 0.583149 0.686282 0.039435 0.053148
12 0.205117 0.686459 0.039340 0.052935
12 0.280904 0.686286 0.039392 0.052891
12 0.507524 0.686485 0.039479 0.052670
10 0.280195 0.758382 0.043658 0.062741
3 0.129826 0.222268 0.045769 0.057250
7 0.356729 0.758042 0.057159 0.062325
6 0.023184 0.146441 0.021208 0.029098
4 0.280560 0.219567 0.043362 0.062387
6 0.205139 0.301729 0.039470 0.052688
5 0.204296 0.220031 0.049479 0.060345
6 0.658849 0.301813 0.040078 0.052997
6 0.280847 0.301764 0.039053 0.052670
6 0.432033 0.455460 0.039566 0.052193
3 0.658970 0.222405 0.045465 0.056729
