2 0.287372 0.538718 0.064596 0.063201
12 0.443740 0.462202 0.042650 0.057029
12 0.521933 0.462263 0.042754 0.057118
12 0.600230 0.621653 0.043223 0.057595
4 0.365560 0.458714 0.059705 0.062449
6 0.130951 0.302896 0.042806 0.056631
1 0.209209 0.221578 0.060695 0.060186
8 0.287350 0.618718 0.065178 0.062599
6 0.600374 0.302971 0.043666 0.057047
6 0.522063 0.302816 0.043275 0.056790
12 0.052867 0.621680 0.042502 0.057065
6 0.052850 0.303019 0.042711 0.056207
6 0.443688 0.302807 0.043067 0.056720
7 0.287181 0.778957 0.060982 0.060407
0 0.326182 0.498895 0.630087 0.638904
