6 0.590268 0.769984 0.030637 0.057399
6 0.234121 0.769969 0.030977 0.057596
6 0.293412 0.769824 0.031006 0.057534
6 0.352829 0.685223 0.030955 0.057492
9 0.590445 0.257782 0.035449 0.062135
0 0.382413 0.551617 0.476722 0.680870
9 0.174721 0.257731 0.036245 0.062528
10 0.411860 0.509596 0.033980 0.068435
11 0.470941 0.425404 0.038524 0.066083
11 0.530492 0.255233 0.038654 0.066902
4 0.411892 0.764539 0.034262 0.067751
2 0.352981 0.849363 0.045557 0.067036
10 0.293234 0.254782 0.034645 0.068155
12 0.293513 0.345005 0.030991 0.057865
3 0.174711 0.852663 0.036093 0.062798
12 0.174830 0.345057 0.031715 0.058922
12 0.530865 0.345036 0.030760 0.058010
12 0.590221 0.345047 0.031353 0.057865
6 0.530818 0.599715 0.030550 0.057295
12 0.234157 0.344953 0.031093 0.057865
4 0.293028 0.849057 0.034103 0.068062
8 0.590698 0.850269 0.045926 0.067585
12 0.471570 0.345031 0.030738 0.058207
7 0.412442 0.254073 0.045289 0.068269
1 0.412384 0.848979 0.044580 0.067409
6 0.471480 0.769731 0.030427 0.056995
6 0.174743 0.769865 0.031671 0.057907
6 0.412142 0.685145 0.030449 0.056902
