3 0.504628 0.700794 0.024058 0.072780
1 0.545609 0.797949 0.030753 0.080970
12 0.463895 0.300747 0.021238 0.067687
9 0.260323 0.197126 0.024378 0.072213
11 0.463395 0.396146 0.026140 0.076932
9 0.545406 0.398714 0.024666 0.072759
10 0.463650 0.898966 0.023648 0.081796
7 0.382670 0.294037 0.030288 0.079770
11 0.422837 0.799458 0.025860 0.078226
0 0.403025 0.547920 0.327462 0.807953
6 0.341834 0.603085 0.021349 0.067967
12 0.301105 0.300639 0.020924 0.067040
6 0.260326 0.804896 0.021657 0.068470
6 0.382372 0.602996 0.021395 0.067629
12 0.341826 0.401527 0.020965 0.067550
12 0.260368 0.300898 0.021358 0.066997
6 0.301113 0.804849 0.021366 0.068060
