12 0.443740 0.462184 0.042650 0.057171
0 0.326447 0.498842 0.630009 0.638532
4 0.443871 0.379452 0.060043 0.062865
12 0.600291 0.621583 0.042772 0.057666
12 0.521942 0.462233 0.042789 0.057162
8 0.522050 0.618846 0.064970 0.062821
12 0.052724 0.621680 0.042667 0.057259
2 0.131225 0.698006 0.064205 0.062485
1 0.209227 0.221587 0.060678 0.060168
6 0.600352 0.302958 0.043710 0.057091
6 0.130960 0.302958 0.042632 0.056578
6 0.522068 0.302825 0.043388 0.056897
6 0.052858 0.303037 0.042763 0.056260
7 0.287185 0.699465 0.060730 0.059231
6 0.443692 0.302781 0.043145 0.056826
