4 0.443875 0.379447 0.060035 0.062856
12 0.443740 0.462202 0.042685 0.057188
12 0.600291 0.621583 0.042772 0.057648
12 0.521942 0.462255 0.042824 0.057171
12 0.052754 0.621706 0.042676 0.057277
8 0.522042 0.618851 0.065022 0.062900
1 0.209235 0.221587 0.060678 0.060168
2 0.131225 0.698006 0.064188 0.062573
6 0.600352 0.302944 0.043710 0.057082
6 0.522081 0.302829 0.043397 0.056888
6 0.130956 0.302949 0.042624 0.056561
6 0.052858 0.303037 0.042745 0.056242
6 0.443688 0.302785 0.043136 0.056817
7 0.287228 0.778943 0.060956 0.060469
0 0.326429 0.498930 0.630113 0.638744
