0 0.393710 0.488740 0.607228 0.619761
5 0.357133 0.529050 0.047941 0.059885
5 0.206047 0.760102 0.047385 0.059956
6 0.583436 0.686348 0.045552 0.055526
11 0.583810 0.221216 0.047758 0.059726
6 0.507897 0.686437 0.045908 0.055243
6 0.658892 0.686441 0.045030 0.055588
12 0.583475 0.302011 0.042346 0.053802
6 0.205508 0.686370 0.045022 0.055358
7 0.431933 0.221994 0.049461 0.059355
1 0.431990 0.760721 0.050738 0.058523
10 0.205430 0.529602 0.048619 0.059646
4 0.507824 0.761627 0.049166 0.057542
4 0.280986 0.761061 0.048888 0.057719
10 0.281060 0.223033 0.049244 0.057118
7 0.432033 0.222016 0.049626 0.059540
8 0.356347 0.221273 0.049288 0.060707
9 0.659075 0.761286 0.047845 0.057975
3 0.659018 0.761185 0.047750 0.057913
6 0.023175 0.146437 0.021051 0.029001
2 0.356377 0.760575 0.050217 0.059540
9 0.129896 0.222476 0.047854 0.058161
9 0.658892 0.222423 0.047307 0.057489
12 0.129870 0.302078 0.042172 0.053705
12 0.658936 0.302135 0.042580 0.053714
12 0.205647 0.302056 0.042624 0.053926
12 0.356638 0.302020 0.042780 0.053873
12 0.281147 0.301897 0.042919 0.054085
12 0.507932 0.302175 0.042242 0.053475
6 0.281182 0.609593 0.045126 0.054907
3 0.130026 0.760858 0.048063 0.058426
6 0.432285 0.532551 0.045213 0.054863
6 0.129939 0.686410 0.044970 0.055455
11 0.281490 0.375340 0.047845 0.060230
