6 0.443662 0.302750 0.043467 0.057065
6 0.052863 0.303055 0.042824 0.056295
6 0.522063 0.302807 0.043553 0.057056
6 0.600343 0.302931 0.043866 0.057197
6 0.130947 0.302935 0.042763 0.056676
8 0.130986 0.618864 0.064961 0.062803
12 0.052711 0.701167 0.042919 0.057630
1 0.130873 0.221614 0.060269 0.060221
12 0.600252 0.621649 0.042989 0.057515
12 0.052772 0.621671 0.042520 0.057383
12 0.521959 0.541830 0.042563 0.057153
2 0.443640 0.697856 0.064726 0.062644
4 0.443879 0.379456 0.060217 0.063086
12 0.443753 0.541777 0.042520 0.056941
9 0.522094 0.780071 0.049783 0.057312
0 0.326342 0.499032 0.630252 0.638753
11 0.521303 0.698873 0.058818 0.060522
7 0.130904 0.778992 0.060799 0.060477
