1 0.583223 0.760084 0.049835 0.059744
7 0.431937 0.222003 0.049644 0.059691
11 0.431894 0.222069 0.049331 0.059416
6 0.023175 0.146441 0.021069 0.028992
2 0.356425 0.760981 0.050174 0.059257
9 0.658875 0.222405 0.047411 0.057454
9 0.129896 0.222485 0.047924 0.058126
3 0.130013 0.760981 0.048002 0.058568
6 0.356798 0.455712 0.044023 0.054607
12 0.129891 0.302011 0.042858 0.054050
12 0.281112 0.301892 0.042485 0.053970
12 0.205643 0.302020 0.042963 0.054103
12 0.658979 0.302122 0.043223 0.054076
12 0.507897 0.302188 0.041894 0.053360
3 0.507867 0.761278 0.048071 0.057887
6 0.205604 0.686388 0.045248 0.055694
6 0.129978 0.686446 0.044579 0.055473
6 0.507889 0.686273 0.045943 0.055393
12 0.583349 0.455610 0.043675 0.055004
6 0.658766 0.609611 0.044605 0.054836
6 0.356794 0.532476 0.045421 0.054907
5 0.281551 0.529120 0.047637 0.059708
11 0.583814 0.221189 0.047802 0.059744
6 0.583449 0.609469 0.045821 0.055544
11 0.281529 0.375318 0.047785 0.060115
0 0.393675 0.488802 0.607089 0.619620
8 0.205421 0.529399 0.047350 0.059929
4 0.281060 0.761375 0.048879 0.057533
10 0.281047 0.223086 0.049218 0.057171
4 0.356681 0.607666 0.049105 0.057418
