3 0.659044 0.759757 0.047559 0.057639
10 0.281103 0.223006 0.049123 0.057171
4 0.281012 0.761105 0.049096 0.058090
4 0.507876 0.761419 0.048732 0.057692
0 0.393797 0.488554 0.607142 0.620044
11 0.205934 0.221070 0.048393 0.060141
12 0.583501 0.301910 0.043649 0.054553
11 0.583944 0.221286 0.047559 0.059991
6 0.583410 0.686322 0.045552 0.055632
6 0.507871 0.686450 0.045474 0.055305
12 0.658962 0.302095 0.043467 0.054288
6 0.658884 0.686437 0.045100 0.055597
12 0.507884 0.302011 0.043032 0.054103
6 0.129900 0.686415 0.044648 0.055535
12 0.432250 0.301998 0.043562 0.054288
6 0.205591 0.686401 0.044909 0.055491
6 0.432250 0.686441 0.044709 0.054863
6 0.356738 0.686428 0.045135 0.055049
12 0.281177 0.301950 0.043136 0.054456
12 0.356659 0.302020 0.042667 0.054032
6 0.281051 0.686295 0.044153 0.055084
12 0.205691 0.302087 0.041894 0.053846
12 0.129887 0.302113 0.042328 0.053952
9 0.658910 0.222454 0.047533 0.057692
9 0.129926 0.222392 0.047828 0.058152
5 0.583666 0.760022 0.047924 0.059938
5 0.205891 0.760106 0.047402 0.060177
3 0.129917 0.760897 0.047967 0.058541
2 0.356286 0.760566 0.050452 0.060018
7 0.432037 0.221826 0.049705 0.059920
8 0.356342 0.221340 0.049418 0.060698
2 0.281038 0.760893 0.049218 0.058479
2 0.507802 0.761286 0.049001 0.058064
6 0.023184 0.146446 0.021086 0.029001
1 0.431968 0.760473 0.050504 0.059337
10 0.507602 0.222299 0.048132 0.058426
