11 0.530485 0.255233 0.038640 0.066881
6 0.352891 0.685057 0.030745 0.057181
6 0.234074 0.769917 0.030767 0.057223
6 0.590239 0.770057 0.030883 0.057606
6 0.293397 0.769767 0.030745 0.057295
6 0.412138 0.684927 0.030384 0.056777
6 0.174729 0.769788 0.031237 0.057461
6 0.471512 0.769767 0.030579 0.057005
7 0.412438 0.254073 0.045282 0.068249
4 0.293003 0.849067 0.033994 0.067855
12 0.471570 0.345026 0.030724 0.058197
3 0.174689 0.852611 0.035615 0.062591
12 0.234153 0.344938 0.031085 0.057834
8 0.352981 0.849793 0.045977 0.067067
12 0.590228 0.345041 0.031223 0.057731
12 0.174819 0.345057 0.031693 0.058881
6 0.530832 0.599725 0.030535 0.057233
12 0.530872 0.345036 0.030716 0.057969
12 0.293506 0.344995 0.030977 0.057845
10 0.293231 0.254772 0.034667 0.068176
1 0.353010 0.763922 0.044443 0.068383
9 0.590459 0.257777 0.035289 0.062062
10 0.411860 0.509606 0.033965 0.068394
11 0.470930 0.425409 0.038531 0.066052
9 0.174732 0.257725 0.036223 0.062497
0 0.382420 0.551596 0.476592 0.680912
