12 0.234182 0.345109 0.031245 0.058383
3 0.590347 0.852891 0.035644 0.061845
7 0.412478 0.253990 0.045246 0.068435
4 0.471216 0.849212 0.033821 0.067938
5 0.233589 0.850187 0.038640 0.067026
5 0.530539 0.850275 0.038169 0.066767
9 0.590449 0.257839 0.035557 0.062207
6 0.293462 0.770047 0.031715 0.058021
6 0.412236 0.769803 0.031187 0.057720
6 0.352840 0.770078 0.031136 0.057503
6 0.590163 0.770062 0.031541 0.057990
1 0.412435 0.849114 0.044754 0.067824
12 0.471567 0.345041 0.030832 0.058352
6 0.530792 0.770093 0.031064 0.058135
6 0.471545 0.769881 0.030919 0.057565
6 0.174743 0.769948 0.032279 0.058363
6 0.234135 0.770026 0.031469 0.058062
10 0.471407 0.254565 0.033813 0.068238
12 0.352786 0.345073 0.030854 0.058187
3 0.174725 0.852699 0.036440 0.062995
12 0.530868 0.345073 0.030868 0.058311
4 0.293122 0.849155 0.034276 0.068404
12 0.174812 0.345062 0.031708 0.058995
12 0.590217 0.345052 0.031331 0.058062
12 0.293499 0.345073 0.031237 0.058415
2 0.352920 0.849513 0.045608 0.067233
10 0.293289 0.254679 0.034696 0.068301
11 0.530365 0.255259 0.038965 0.066870
11 0.233665 0.255440 0.038690 0.066736
8 0.353050 0.255244 0.045709 0.067503
9 0.174721 0.257689 0.036114 0.062611
12 0.412258 0.345083 0.031027 0.058394
0 0.382518 0.551850 0.476556 0.681316
