6 0.658771 0.301817 0.040061 0.052794
6 0.023171 0.146437 0.021234 0.029054
7 0.507950 0.681768 0.057063 0.062193
9 0.431855 0.761074 0.045656 0.056861
12 0.507641 0.609271 0.039435 0.052776
12 0.205156 0.686508 0.040043 0.053033
6 0.583067 0.455579 0.039166 0.052166
12 0.356403 0.532489 0.039288 0.052387
10 0.280295 0.527082 0.043684 0.062281
1 0.507663 0.373201 0.056890 0.062670
12 0.658727 0.686530 0.040547 0.053271
4 0.431651 0.296516 0.043301 0.061680
5 0.355591 0.451114 0.049444 0.060707
3 0.356390 0.376286 0.044718 0.056092
9 0.280843 0.299439 0.046342 0.056914
0 0.394253 0.489116 0.605934 0.618408
