12 0.583349 0.455623 0.043970 0.055137
6 0.658779 0.609620 0.044579 0.054819
11 0.583818 0.221211 0.047793 0.059805
6 0.583454 0.609474 0.045847 0.055588
10 0.281056 0.223165 0.049114 0.057188
7 0.431842 0.222122 0.049470 0.059363
4 0.281090 0.761401 0.049010 0.057551
7 0.431872 0.222042 0.049809 0.059664
11 0.205300 0.529262 0.047228 0.060150
6 0.023180 0.146441 0.021077 0.029010
2 0.356685 0.607653 0.048992 0.057586
2 0.356399 0.760950 0.050313 0.059355
9 0.129917 0.222507 0.047932 0.058258
9 0.658836 0.222405 0.047298 0.057471
12 0.205560 0.455884 0.041772 0.054032
6 0.281112 0.378758 0.041216 0.053607
12 0.129800 0.302025 0.042363 0.054023
12 0.281116 0.301927 0.041885 0.053793
12 0.658962 0.302193 0.043328 0.054147
1 0.583232 0.760102 0.049835 0.059726
3 0.130009 0.760981 0.047993 0.058497
12 0.507906 0.302162 0.042259 0.053590
3 0.507867 0.761273 0.048089 0.057913
6 0.205591 0.686379 0.045274 0.055729
6 0.507889 0.686286 0.045960 0.055455
0 0.393619 0.488802 0.607133 0.619761
6 0.129978 0.686424 0.044752 0.055517
6 0.356746 0.532498 0.045222 0.054881
5 0.281299 0.529293 0.047984 0.059965
