12 0.356516 0.301760 0.039635 0.052626
12 0.280938 0.413957 0.045265 0.052847
6 0.023197 0.146401 0.021095 0.029302
4 0.507181 0.758099 0.043380 0.062087
4 0.280213 0.758130 0.042945 0.061706
5 0.582224 0.758749 0.048862 0.060433
10 0.280578 0.219509 0.043519 0.062219
6 0.583145 0.686163 0.039566 0.052697
6 0.205091 0.686375 0.039305 0.052555
10 0.507354 0.219686 0.043380 0.061830
6 0.280730 0.686123 0.039149 0.052299
6 0.507637 0.686269 0.039149 0.052237
12 0.129579 0.301808 0.040304 0.053059
7 0.432593 0.219275 0.057698 0.062423
5 0.204518 0.759063 0.049036 0.060866
6 0.356399 0.686247 0.039192 0.052175
6 0.129609 0.686450 0.041164 0.053484
12 0.432037 0.301932 0.039748 0.052617
12 0.583275 0.301760 0.039479 0.052750
2 0.356646 0.758422 0.057394 0.061123
12 0.507715 0.301936 0.039757 0.052520
3 0.129683 0.761008 0.046699 0.057542
12 0.658766 0.301826 0.040278 0.052935
6 0.658771 0.686432 0.040513 0.052953
1 0.432415 0.758258 0.056299 0.061538
12 0.205239 0.301817 0.039444 0.052847
3 0.659031 0.761043 0.046612 0.057188
9 0.129800 0.222246 0.046429 0.057542
9 0.659062 0.222339 0.045786 0.056773
8 0.356694 0.220217 0.057837 0.061229
6 0.432020 0.532330 0.039887 0.052900
11 0.582589 0.220380 0.049800 0.060707
11 0.204566 0.220217 0.049809 0.060645
0 0.394010 0.488607 0.607341 0.621141
