3 0.130022 0.760915 0.048071 0.058559
6 0.023184 0.146424 0.020982 0.029027
12 0.129831 0.301994 0.042598 0.054209
9 0.205460 0.222401 0.047845 0.058205
9 0.658992 0.299540 0.047437 0.057737
3 0.507867 0.761189 0.048036 0.057675
6 0.205513 0.609558 0.044996 0.054907
6 0.129922 0.686432 0.044778 0.055464
6 0.507958 0.609527 0.045195 0.054757
12 0.507845 0.302100 0.044275 0.054297
6 0.658766 0.609615 0.044361 0.054739
6 0.583293 0.532476 0.044066 0.054836
12 0.205552 0.532458 0.045126 0.054907
5 0.281564 0.529107 0.047819 0.059682
12 0.281177 0.301746 0.044857 0.054898
12 0.583367 0.455584 0.044266 0.055181
11 0.356972 0.375345 0.048019 0.059991
0 0.393905 0.488828 0.607011 0.619178
1 0.583210 0.759973 0.049844 0.059735
7 0.356281 0.298855 0.048671 0.059673
4 0.281086 0.761671 0.049157 0.057011
