12 0.600352 0.302922 0.043223 0.057462
6 0.130986 0.701118 0.043397 0.057462
12 0.287554 0.302829 0.042615 0.056976
10 0.443966 0.220106 0.058827 0.061963
6 0.052828 0.701233 0.043675 0.057515
6 0.600304 0.701216 0.043684 0.057692
1 0.365560 0.779244 0.060504 0.060080
10 0.209318 0.220093 0.059696 0.062661
6 0.443844 0.701070 0.042980 0.057241
6 0.209118 0.701061 0.043223 0.057401
4 0.209374 0.777666 0.061025 0.063554
6 0.521950 0.701154 0.043171 0.057604
11 0.521177 0.221273 0.058775 0.060601
7 0.365595 0.221565 0.060434 0.060407
4 0.443736 0.777493 0.060295 0.063669
8 0.287493 0.220844 0.064613 0.063263
9 0.600404 0.222639 0.050539 0.057622
3 0.052880 0.779947 0.050035 0.057630
9 0.053063 0.222816 0.050139 0.057179
3 0.600478 0.780080 0.050391 0.057896
12 0.052854 0.303064 0.043050 0.057109
2 0.287641 0.777436 0.065030 0.063519
0 0.326212 0.498386 0.630165 0.642838
5 0.130161 0.778179 0.059331 0.061202
12 0.443910 0.302909 0.042659 0.056976
12 0.131121 0.302980 0.042572 0.057047
5 0.521203 0.778187 0.059070 0.061079
12 0.522029 0.302882 0.042858 0.057135
12 0.209296 0.302882 0.042433 0.056870
6 0.365686 0.541861 0.042997 0.057073
11 0.130265 0.221039 0.058844 0.060380
6 0.287450 0.701105 0.042911 0.057153
12 0.365691 0.302860 0.042520 0.056755
