6 0.205135 0.301786 0.039983 0.052555
6 0.658801 0.301768 0.040000 0.052909
3 0.658957 0.222409 0.045161 0.056596
6 0.129696 0.301729 0.040243 0.052794
6 0.583215 0.301866 0.039010 0.052325
12 0.129553 0.686530 0.040773 0.053767
12 0.356403 0.609332 0.039496 0.052263
9 0.659296 0.761176 0.047020 0.057931
10 0.507159 0.758280 0.044083 0.062644
12 0.583162 0.686273 0.039513 0.053077
9 0.129791 0.761065 0.047142 0.058311
12 0.205135 0.686499 0.039461 0.052891
12 0.507554 0.686485 0.039522 0.052653
12 0.280921 0.686309 0.039374 0.052935
10 0.280278 0.758342 0.043301 0.062891
7 0.432037 0.758033 0.057194 0.062467
6 0.023167 0.146437 0.021225 0.029054
0 0.394166 0.488806 0.606195 0.619116
11 0.355734 0.451477 0.049435 0.060513
4 0.507263 0.450261 0.043510 0.062131
5 0.279939 0.374346 0.049348 0.060327
4 0.507185 0.219686 0.043093 0.061583
5 0.506785 0.374191 0.048827 0.060230
1 0.356781 0.219571 0.057333 0.061565
12 0.658723 0.686538 0.040434 0.053307
3 0.129809 0.222339 0.045560 0.057038
6 0.280786 0.301790 0.039227 0.052529
