6 0.205343 0.609660 0.041738 0.053625
6 0.129770 0.686317 0.042250 0.054403
9 0.205460 0.222436 0.047967 0.058400
3 0.129978 0.760862 0.047654 0.058470
12 0.129805 0.302091 0.042163 0.054279
4 0.507745 0.374982 0.048332 0.060769
6 0.023189 0.146424 0.020956 0.029045
0 0.393918 0.488820 0.606933 0.619761
12 0.356629 0.378665 0.045578 0.055402
7 0.356312 0.297905 0.048957 0.061662
1 0.583210 0.759920 0.049948 0.059894
6 0.583301 0.532498 0.045647 0.055853
6 0.658805 0.609651 0.045343 0.055500
6 0.507911 0.609527 0.045326 0.055111
12 0.205487 0.532599 0.042702 0.054518
9 0.431872 0.299412 0.048054 0.057781
3 0.507854 0.761154 0.047993 0.057622
