6 0.583189 0.301861 0.039131 0.052405
6 0.023167 0.146432 0.021208 0.029045
9 0.129844 0.760990 0.047072 0.058302
12 0.507480 0.609315 0.039896 0.052653
12 0.205135 0.686508 0.039861 0.052909
7 0.356651 0.681649 0.057507 0.061866
10 0.507085 0.758369 0.044335 0.062538
12 0.129548 0.686525 0.040817 0.053669
9 0.659196 0.761180 0.046890 0.057816
12 0.356390 0.532569 0.039453 0.052511
3 0.658970 0.222418 0.045239 0.056702
6 0.129700 0.301724 0.040287 0.052944
6 0.658844 0.301786 0.039878 0.052944
6 0.205130 0.301782 0.039939 0.052688
3 0.129826 0.222290 0.045977 0.057294
6 0.280786 0.301729 0.039192 0.052599
10 0.582758 0.450239 0.043519 0.062546
4 0.507163 0.219744 0.043241 0.061698
12 0.658749 0.686592 0.040973 0.053625
5 0.279930 0.374328 0.049435 0.060451
5 0.355626 0.451123 0.049444 0.060531
1 0.356881 0.296424 0.057515 0.062184
0 0.394149 0.488855 0.606281 0.618912
