12 0.052806 0.621715 0.042798 0.057383
7 0.208953 0.779134 0.060843 0.060018
6 0.443688 0.302794 0.043293 0.056923
6 0.052858 0.303033 0.042902 0.056304
6 0.130951 0.302913 0.042841 0.056684
6 0.522081 0.302838 0.043380 0.056905
6 0.600356 0.302949 0.043684 0.057091
1 0.130834 0.221804 0.060261 0.060071
2 0.053132 0.698121 0.064596 0.063050
8 0.522059 0.618855 0.065039 0.062980
12 0.600291 0.621583 0.042754 0.057701
12 0.521981 0.541919 0.042641 0.057418
12 0.443740 0.462188 0.042702 0.057162
4 0.443884 0.379434 0.060035 0.062989
0 0.326325 0.498957 0.630356 0.638762
