6 0.412290 0.600036 0.030745 0.057316
6 0.234059 0.769922 0.030825 0.057358
6 0.293397 0.769767 0.030847 0.057358
6 0.352782 0.599855 0.030572 0.056933
6 0.590152 0.685197 0.031679 0.058021
12 0.530792 0.515016 0.030803 0.057762
6 0.174725 0.769808 0.031259 0.057565
4 0.293010 0.849104 0.034081 0.067948
7 0.412431 0.254057 0.045297 0.068197
12 0.471545 0.345016 0.030832 0.058155
3 0.174696 0.852679 0.035933 0.062767
12 0.234182 0.345119 0.031071 0.058218
1 0.352905 0.764223 0.044667 0.067969
12 0.174826 0.345057 0.031621 0.058860
12 0.590221 0.345036 0.031498 0.057907
12 0.293502 0.345124 0.030999 0.058187
10 0.293234 0.254777 0.034616 0.068104
9 0.590427 0.257782 0.035716 0.062218
10 0.352500 0.424699 0.034247 0.067741
11 0.530532 0.255254 0.038676 0.066798
9 0.174740 0.257741 0.036237 0.062446
11 0.470952 0.765119 0.038517 0.066321
0 0.382493 0.551642 0.476447 0.681109
