12 0.583262 0.301799 0.039574 0.052900
4 0.280200 0.758011 0.043388 0.062723
12 0.507728 0.301967 0.039887 0.052617
12 0.658740 0.301795 0.040365 0.053086
3 0.129683 0.761048 0.046785 0.057958
6 0.129635 0.686565 0.041581 0.053890
1 0.432346 0.758289 0.056507 0.062078
12 0.280934 0.301742 0.039592 0.052803
6 0.205113 0.686362 0.039331 0.052776
2 0.356655 0.758599 0.057567 0.061565
6 0.658758 0.686485 0.040348 0.053130
12 0.205256 0.301795 0.039600 0.052891
11 0.204427 0.220084 0.050017 0.060752
9 0.129883 0.222370 0.046421 0.057524
9 0.659040 0.222423 0.045743 0.057065
11 0.582541 0.220371 0.049983 0.060937
0 0.394205 0.488780 0.606429 0.620796
12 0.129605 0.301817 0.040426 0.053254
6 0.356407 0.686225 0.039366 0.052431
6 0.507602 0.686242 0.039079 0.052308
5 0.204457 0.759098 0.049279 0.061220
12 0.356560 0.301777 0.039705 0.052626
6 0.583106 0.686291 0.039661 0.052989
6 0.280773 0.686189 0.039218 0.052644
6 0.431955 0.686216 0.039705 0.052767
5 0.582068 0.758727 0.048949 0.060743
10 0.280460 0.219553 0.043823 0.062414
3 0.658970 0.761052 0.046264 0.057577
4 0.507089 0.758139 0.043301 0.062608
8 0.356755 0.220287 0.058132 0.061424
10 0.507268 0.219523 0.043223 0.061945
7 0.432524 0.219218 0.058028 0.062856
6 0.023180 0.146406 0.021112 0.029151
1 0.432502 0.218873 0.058123 0.063386
2 0.356964 0.219792 0.058427 0.061583
12 0.432072 0.301936 0.039922 0.052732
