9 0.129726 0.299266 0.044718 0.056676
0 0.394075 0.488815 0.606603 0.618957
9 0.432146 0.222449 0.045265 0.056340
10 0.507311 0.373612 0.043536 0.061972
2 0.205452 0.297003 0.057698 0.061220
4 0.204952 0.373484 0.043301 0.062352
7 0.356651 0.219355 0.057142 0.062299
6 0.658792 0.686397 0.040365 0.052723
6 0.205165 0.686468 0.041277 0.053130
6 0.356481 0.455460 0.039253 0.052812
12 0.356438 0.378731 0.039479 0.052493
12 0.658719 0.301852 0.040235 0.052794
1 0.583319 0.758302 0.056316 0.061821
3 0.507624 0.761176 0.046212 0.056446
5 0.355851 0.682179 0.049513 0.060097
6 0.583145 0.686185 0.040313 0.052971
12 0.583210 0.301760 0.039296 0.052520
6 0.023206 0.146410 0.021025 0.029266
