12 0.658745 0.301835 0.040130 0.052759
6 0.205100 0.686379 0.039618 0.052670
6 0.356520 0.532387 0.038810 0.052308
9 0.129861 0.222370 0.046047 0.056994
7 0.432589 0.219598 0.057533 0.062078
8 0.507941 0.450911 0.058071 0.060866
10 0.356151 0.296468 0.043805 0.061883
12 0.129583 0.301799 0.040591 0.052935
4 0.431638 0.681202 0.043501 0.061751
0 0.393823 0.488904 0.606533 0.620000
6 0.023210 0.146419 0.021138 0.029266
3 0.507628 0.761344 0.044796 0.055809
12 0.432155 0.532188 0.039010 0.052493
6 0.583197 0.686079 0.039201 0.052334
10 0.507368 0.219739 0.043406 0.061618
12 0.583236 0.301773 0.039348 0.052546
1 0.583367 0.758218 0.056186 0.061760
5 0.355565 0.681941 0.049131 0.059691
6 0.658788 0.686344 0.039209 0.052175
3 0.129713 0.761026 0.046655 0.057542
6 0.507667 0.686132 0.038827 0.052051
4 0.431642 0.604253 0.043215 0.061751
6 0.129557 0.686326 0.041164 0.053572
11 0.280017 0.374452 0.049418 0.060486
12 0.356490 0.378696 0.039079 0.052352
9 0.659057 0.222401 0.045517 0.056543
12 0.205178 0.301817 0.039705 0.052653
2 0.356820 0.758674 0.057480 0.061079
