10 0.507081 0.758240 0.044066 0.062670
6 0.023180 0.146437 0.021199 0.029107
11 0.205030 0.778187 0.051503 0.061185
9 0.129887 0.760880 0.047663 0.059248
12 0.280804 0.686340 0.039070 0.053386
10 0.280187 0.758329 0.043553 0.063201
12 0.129540 0.686547 0.040400 0.053837
3 0.129818 0.222250 0.045908 0.057144
12 0.205187 0.686742 0.039531 0.053607
12 0.507528 0.686477 0.039470 0.052723
6 0.432085 0.301764 0.039340 0.052051
12 0.583149 0.686278 0.039453 0.053156
6 0.507611 0.301777 0.039044 0.052272
5 0.582376 0.220084 0.049409 0.061141
7 0.356651 0.758134 0.057298 0.062546
9 0.659136 0.761101 0.046368 0.057763
12 0.431964 0.609324 0.039531 0.052405
12 0.356386 0.532551 0.039253 0.052599
6 0.583241 0.301861 0.039096 0.052476
6 0.280834 0.301782 0.039114 0.052529
6 0.356533 0.455486 0.039183 0.052829
6 0.658827 0.301777 0.040035 0.052962
3 0.659018 0.222374 0.045334 0.056737
6 0.129679 0.301927 0.040521 0.052997
5 0.204431 0.220164 0.049418 0.060663
12 0.658714 0.686534 0.040348 0.053280
6 0.205169 0.301760 0.039878 0.052697
2 0.130087 0.527763 0.057706 0.061114
4 0.507224 0.219713 0.043119 0.061706
4 0.507220 0.450248 0.043579 0.062317
8 0.432324 0.759023 0.057385 0.061105
1 0.356590 0.219496 0.057107 0.061804
11 0.582372 0.759076 0.049383 0.061017
0 0.394114 0.489315 0.606490 0.620327
