4 0.411889 0.764534 0.034240 0.067699
8 0.352898 0.510554 0.045318 0.066311
11 0.470919 0.425363 0.038553 0.066083
9 0.174779 0.257710 0.036027 0.062487
0 0.382467 0.551668 0.476628 0.681161
7 0.412478 0.254083 0.045275 0.068290
3 0.590239 0.852907 0.035080 0.062021
6 0.352833 0.685228 0.030876 0.057337
6 0.234074 0.769922 0.030883 0.057378
6 0.293404 0.769813 0.030890 0.057409
6 0.412149 0.685145 0.030405 0.056756
6 0.590253 0.769990 0.030839 0.057472
6 0.174729 0.769819 0.031440 0.057689
6 0.530781 0.769917 0.030738 0.057720
1 0.412399 0.849000 0.044580 0.067409
6 0.471516 0.769699 0.030514 0.056974
4 0.293021 0.849062 0.034030 0.067990
12 0.471581 0.345041 0.030673 0.058145
3 0.174721 0.852648 0.035825 0.062663
12 0.234175 0.344964 0.030883 0.057617
12 0.174866 0.345078 0.031483 0.058715
12 0.590224 0.345062 0.031187 0.057731
12 0.530879 0.345041 0.030687 0.057917
12 0.293509 0.345010 0.030825 0.057689
10 0.293245 0.254788 0.034595 0.068187
9 0.590470 0.257788 0.035195 0.062062
2 0.352988 0.849368 0.045528 0.067026
10 0.411892 0.509570 0.033871 0.068155
11 0.530470 0.255202 0.038698 0.066902
