6 0.209118 0.701105 0.043414 0.057401
6 0.522020 0.701172 0.043171 0.057498
11 0.442967 0.380517 0.058653 0.060858
3 0.600456 0.780093 0.050434 0.057958
3 0.052984 0.780080 0.050452 0.057542
9 0.600395 0.222675 0.050747 0.057392
8 0.287507 0.220853 0.064605 0.063316
9 0.053019 0.222794 0.050539 0.057347
12 0.522050 0.302918 0.042937 0.057065
5 0.130091 0.778267 0.059314 0.061256
12 0.131099 0.302958 0.042511 0.056950
4 0.209153 0.538607 0.061156 0.063121
4 0.209275 0.777688 0.061190 0.063528
12 0.365634 0.462193 0.042824 0.057011
12 0.209283 0.302905 0.042528 0.056897
2 0.287659 0.777449 0.065343 0.063510
0 0.326429 0.498298 0.629522 0.641671
12 0.443892 0.302918 0.042832 0.057065
5 0.443050 0.618930 0.058888 0.060902
7 0.365604 0.221561 0.060469 0.060486
6 0.287454 0.621401 0.043267 0.057197
11 0.208449 0.380645 0.059105 0.060831
6 0.130990 0.701194 0.043579 0.057560
12 0.600304 0.382546 0.043145 0.057347
6 0.600348 0.701225 0.043475 0.057604
6 0.365578 0.541857 0.043023 0.057188
6 0.052863 0.701256 0.043640 0.057471
10 0.443962 0.220115 0.059079 0.061998
12 0.287541 0.302816 0.042676 0.057003
10 0.209309 0.220119 0.059765 0.062644
1 0.365586 0.779394 0.060730 0.059885
12 0.052850 0.303050 0.043041 0.057029
6 0.443866 0.701092 0.043023 0.057409
