6 0.563127 0.707449 0.031357 0.064571
0 0.353194 0.559332 0.481509 0.758559
9 0.143087 0.231905 0.037134 0.069859
11 0.382588 0.607644 0.039063 0.074244
11 0.442412 0.418554 0.039349 0.074810
9 0.563169 0.231998 0.036601 0.069673
1 0.383320 0.890752 0.045328 0.075137
6 0.203029 0.802215 0.032170 0.064836
12 0.263031 0.423656 0.031346 0.064483
12 0.143090 0.329231 0.032215 0.065712
3 0.142995 0.894505 0.036579 0.069593
6 0.143051 0.802246 0.032754 0.065500
12 0.203037 0.329050 0.031683 0.065349
7 0.383427 0.228360 0.045698 0.076225
6 0.262942 0.802060 0.031402 0.064474
12 0.443068 0.329036 0.031352 0.065252
12 0.563079 0.329019 0.032372 0.065447
10 0.502874 0.701653 0.034734 0.076216
10 0.502664 0.606627 0.034896 0.076525
6 0.323087 0.612993 0.031447 0.063740
4 0.496231 0.514368 0.036074 0.079027
