6 0.323096 0.613011 0.031565 0.063758
6 0.262956 0.612940 0.032193 0.064607
1 0.503385 0.890698 0.045278 0.075190
4 0.262695 0.890862 0.034879 0.075889
6 0.143054 0.802184 0.032053 0.065199
10 0.562790 0.796618 0.034767 0.076101
12 0.443141 0.329076 0.031161 0.064925
12 0.203057 0.329067 0.031621 0.065190
6 0.203012 0.802215 0.031879 0.064801
7 0.383483 0.228302 0.045564 0.076110
3 0.142989 0.894611 0.036455 0.069717
12 0.143096 0.329235 0.032215 0.065632
11 0.442532 0.418630 0.039164 0.074465
0 0.353166 0.559288 0.481408 0.758736
12 0.263048 0.423669 0.031245 0.064297
10 0.562891 0.701454 0.034610 0.076242
9 0.563211 0.231963 0.036450 0.069408
9 0.143087 0.231910 0.037067 0.069814
11 0.382698 0.607666 0.039136 0.074058
12 0.563169 0.423775 0.031464 0.064562
