1 0.365292 0.779102 0.060661 0.060664
6 0.286919 0.700969 0.042924 0.057071
6 0.443760 0.701093 0.042855 0.057159
11 0.521171 0.221319 0.058755 0.060761
6 0.522028 0.701186 0.043098 0.057593
7 0.365396 0.221593 0.060609 0.060655
8 0.286854 0.220527 0.065074 0.063159
9 0.600561 0.222509 0.050453 0.057496
9 0.052080 0.222659 0.050670 0.057584
3 0.051923 0.779925 0.050548 0.057938
3 0.600426 0.779987 0.050479 0.058469
12 0.522050 0.302889 0.043003 0.057319
5 0.129373 0.778124 0.059356 0.061681
5 0.521205 0.778230 0.059104 0.061558
12 0.287128 0.302841 0.042611 0.057150
12 0.365457 0.302881 0.042576 0.057000
6 0.365426 0.700969 0.043055 0.057124
12 0.208695 0.302942 0.042489 0.057177
0 0.326314 0.498549 0.629547 0.644142
10 0.443786 0.219965 0.058921 0.062035
12 0.443773 0.302912 0.042724 0.057168
12 0.600444 0.302960 0.043220 0.057619
4 0.208555 0.777496 0.061131 0.063628
12 0.052145 0.303053 0.043351 0.057593
2 0.286906 0.777310 0.065527 0.063929
11 0.129508 0.221119 0.058877 0.060717
12 0.130357 0.303040 0.042855 0.057319
6 0.130265 0.701102 0.043211 0.057425
6 0.052106 0.701239 0.043795 0.057469
6 0.600440 0.701199 0.043386 0.057425
4 0.443599 0.777535 0.060740 0.063619
6 0.208473 0.701115 0.043368 0.057221
10 0.208690 0.219925 0.059469 0.062504
