12 0.658745 0.301870 0.040773 0.053148
3 0.129705 0.684142 0.047037 0.057321
7 0.356699 0.219518 0.057220 0.062007
4 0.431629 0.604218 0.043588 0.061804
6 0.205143 0.686379 0.040400 0.052935
6 0.658805 0.686375 0.039835 0.052555
6 0.356573 0.532356 0.038844 0.052299
1 0.583328 0.758205 0.056438 0.061768
9 0.129917 0.222361 0.045604 0.057011
12 0.583228 0.301768 0.039540 0.052626
5 0.355647 0.681923 0.049383 0.059726
12 0.356425 0.378771 0.039244 0.052361
6 0.583158 0.686132 0.039383 0.052582
12 0.129557 0.301760 0.040035 0.052785
3 0.507628 0.761286 0.045491 0.055959
6 0.023258 0.146406 0.021112 0.029293
10 0.431716 0.296587 0.043467 0.061715
2 0.205599 0.297210 0.057611 0.061123
9 0.659044 0.222427 0.046429 0.056720
0 0.393957 0.488908 0.606681 0.619089
