6 0.443662 0.302763 0.043467 0.057073
0 0.326255 0.498855 0.630304 0.638276
12 0.443771 0.541786 0.042415 0.056888
4 0.443888 0.379456 0.060182 0.063068
2 0.365712 0.697838 0.065048 0.062608
12 0.521977 0.541848 0.042476 0.057135
12 0.600226 0.621658 0.042989 0.057427
12 0.052745 0.621676 0.042433 0.057321
1 0.130864 0.221614 0.060269 0.060221
6 0.130951 0.302931 0.042772 0.056684
12 0.052702 0.701158 0.042832 0.057577
8 0.130956 0.618744 0.064970 0.062617
6 0.522055 0.302807 0.043536 0.057056
6 0.600334 0.302927 0.043849 0.057206
6 0.052858 0.303059 0.042832 0.056304
7 0.208962 0.699629 0.060808 0.059240
9 0.772346 0.971848 0.028566 0.033563
