12 0.443085 0.329080 0.032428 0.066065
12 0.263082 0.423647 0.032782 0.065650
1 0.563416 0.795999 0.045867 0.076773
6 0.263003 0.612927 0.033533 0.065977
10 0.562905 0.701450 0.034762 0.076322
3 0.143048 0.894536 0.036798 0.070221
6 0.203017 0.802228 0.031856 0.064934
12 0.203023 0.329032 0.033718 0.066905
6 0.143071 0.802206 0.032277 0.065455
6 0.323076 0.613192 0.032356 0.064527
4 0.262706 0.890897 0.034924 0.076048
12 0.563174 0.423793 0.031699 0.064739
0 0.353163 0.559151 0.481761 0.759063
11 0.442566 0.418656 0.039254 0.074677
9 0.143104 0.231950 0.037471 0.070318
9 0.563155 0.231914 0.037033 0.069788
12 0.143099 0.329240 0.033634 0.066897
11 0.502381 0.702330 0.039243 0.074209
