1 0.127498 0.221821 0.061095 0.060195
12 0.049396 0.701043 0.042268 0.057383
9 0.518558 0.779987 0.049904 0.057144
6 0.518575 0.302807 0.043597 0.056985
3 0.205990 0.222851 0.050330 0.057551
12 0.518523 0.541874 0.042902 0.057100
4 0.440261 0.379527 0.061060 0.063475
12 0.440291 0.541835 0.042772 0.056826
12 0.127628 0.701079 0.042294 0.057206
12 0.205943 0.621653 0.042346 0.057029
6 0.049279 0.302882 0.042815 0.056870
8 0.283871 0.777573 0.065621 0.062997
6 0.127563 0.302776 0.043310 0.056799
6 0.440182 0.302829 0.043823 0.057082
5 0.205139 0.539505 0.058723 0.060637
2 0.440426 0.698015 0.064344 0.062803
11 0.517459 0.698886 0.058514 0.060248
12 0.596729 0.621556 0.042754 0.057347
0 0.321321 0.499125 0.629540 0.639611
11 0.127050 0.619209 0.059053 0.060380
7 0.127476 0.779226 0.060200 0.060009
6 0.596677 0.302922 0.043397 0.057303
