6 0.293484 0.769917 0.031614 0.057927
3 0.590315 0.852943 0.035810 0.062342
6 0.352869 0.684891 0.031628 0.057699
6 0.590159 0.770000 0.031548 0.057907
6 0.234132 0.770041 0.031534 0.058052
0 0.382464 0.551658 0.476708 0.681098
8 0.353046 0.255218 0.045687 0.067430
9 0.174736 0.257699 0.036360 0.062674
5 0.293086 0.680311 0.038227 0.066446
11 0.530525 0.255254 0.038618 0.066964
11 0.471042 0.425534 0.038524 0.066093
5 0.470883 0.680352 0.038582 0.066508
2 0.353054 0.849363 0.045673 0.067264
9 0.590427 0.257808 0.035745 0.062207
10 0.293256 0.254699 0.034747 0.068259
12 0.412250 0.515057 0.031129 0.058073
12 0.590199 0.345031 0.031556 0.058062
12 0.293524 0.344979 0.031172 0.057979
12 0.174826 0.345057 0.031809 0.058984
12 0.530865 0.345026 0.030861 0.058155
10 0.471313 0.254534 0.034045 0.068155
3 0.174743 0.852720 0.036476 0.062870
12 0.234175 0.345114 0.031302 0.058290
12 0.352826 0.514886 0.031208 0.057876
4 0.293079 0.849114 0.034320 0.068197
12 0.471552 0.345036 0.030760 0.058259
6 0.530818 0.770036 0.031085 0.058062
4 0.471205 0.849197 0.033813 0.067845
6 0.174768 0.769927 0.032127 0.058238
1 0.412417 0.848777 0.044530 0.068829
6 0.412207 0.685057 0.030926 0.057306
6 0.471541 0.769839 0.030825 0.057212
7 0.412496 0.253964 0.045195 0.068280
