0 0.394179 0.489173 0.606169 0.618470
6 0.023171 0.146441 0.021182 0.029045
7 0.507976 0.681808 0.057046 0.062166
9 0.129865 0.760995 0.047133 0.058134
12 0.507502 0.609324 0.039592 0.052653
12 0.205161 0.686516 0.039965 0.053068
10 0.507059 0.758311 0.044387 0.062776
9 0.659292 0.761189 0.046994 0.057975
12 0.356394 0.532551 0.039201 0.052352
3 0.356416 0.222259 0.045465 0.056773
6 0.583193 0.301923 0.039470 0.052387
6 0.129709 0.301760 0.040721 0.053245
4 0.204674 0.527184 0.043284 0.062095
6 0.658766 0.301826 0.040417 0.052829
12 0.658740 0.686578 0.040452 0.053404
6 0.205195 0.301821 0.040487 0.052927
6 0.280795 0.301799 0.039713 0.052759
5 0.355500 0.451105 0.049453 0.060495
1 0.432068 0.373152 0.057550 0.062856
