11 0.411773 0.595440 0.038886 0.065554
6 0.293430 0.769896 0.031042 0.057575
6 0.590181 0.685171 0.030999 0.057326
6 0.234124 0.769860 0.030796 0.057606
6 0.352808 0.599788 0.030492 0.056922
6 0.174729 0.769813 0.031454 0.057699
12 0.293397 0.430202 0.030774 0.057979
7 0.412431 0.254109 0.045340 0.068301
0 0.382525 0.551710 0.476440 0.680725
1 0.412344 0.849005 0.044877 0.067544
12 0.471567 0.345047 0.030745 0.058155
4 0.293093 0.849150 0.034320 0.068269
3 0.174707 0.852684 0.036201 0.062839
12 0.234219 0.345161 0.031433 0.058280
12 0.590195 0.345041 0.031606 0.058000
12 0.174852 0.345047 0.032149 0.059150
9 0.590427 0.257870 0.035818 0.062083
10 0.352496 0.424705 0.034226 0.067606
11 0.470999 0.425409 0.038466 0.065927
10 0.530478 0.594539 0.034139 0.067813
9 0.174729 0.257694 0.036462 0.062663
