12 0.129600 0.301808 0.040678 0.053254
12 0.280908 0.378815 0.039783 0.052767
6 0.356586 0.532489 0.039253 0.052511
9 0.129922 0.222440 0.046551 0.057383
6 0.280851 0.532387 0.039826 0.052644
6 0.129674 0.686565 0.042059 0.054262
12 0.205230 0.301790 0.039878 0.052882
12 0.658836 0.378842 0.040695 0.053192
7 0.356898 0.296534 0.057585 0.062051
11 0.582250 0.604770 0.049818 0.060787
9 0.658962 0.222507 0.046612 0.056932
11 0.506798 0.374266 0.049566 0.060592
0 0.394209 0.489439 0.606525 0.618258
6 0.023175 0.146410 0.021138 0.029125
6 0.205143 0.686406 0.040052 0.053254
1 0.659192 0.681702 0.057237 0.061848
12 0.507724 0.301998 0.040035 0.052520
3 0.129739 0.761105 0.046968 0.058055
10 0.658471 0.604248 0.043962 0.062025
4 0.280265 0.758068 0.044092 0.062927
