6 0.023184 0.146428 0.020999 0.029019
12 0.129791 0.302202 0.041303 0.053563
9 0.205482 0.222405 0.047246 0.057913
12 0.205604 0.455866 0.041651 0.053767
3 0.130017 0.760928 0.048045 0.058550
12 0.281125 0.301919 0.042181 0.053758
3 0.507741 0.761163 0.047402 0.056950
6 0.356599 0.301905 0.041729 0.053466
6 0.205491 0.609553 0.044709 0.054739
12 0.507889 0.302073 0.042902 0.053837
6 0.129926 0.686441 0.044891 0.055482
6 0.507928 0.609523 0.044718 0.054447
6 0.356729 0.532449 0.045569 0.054713
9 0.658940 0.299469 0.047368 0.057595
5 0.281473 0.529076 0.047776 0.059655
6 0.583293 0.532462 0.044761 0.054881
6 0.658771 0.609576 0.044857 0.054783
12 0.583458 0.455535 0.044848 0.055102
11 0.508223 0.375265 0.047828 0.059938
0 0.393853 0.488820 0.606855 0.619478
4 0.281073 0.761379 0.048940 0.057383
8 0.431998 0.759598 0.048584 0.061441
1 0.583210 0.760212 0.049635 0.059098
7 0.356303 0.221857 0.049983 0.059310
