6 0.462063 0.662965 0.032376 0.042956
0 0.254421 0.510677 0.475422 0.484292
10 0.343808 0.301748 0.043890 0.045566
4 0.166131 0.722668 0.045422 0.046912
6 0.343616 0.663159 0.031950 0.042690
11 0.402737 0.301894 0.045492 0.045929
10 0.166114 0.301584 0.044082 0.045593
11 0.106836 0.301832 0.044865 0.045805
4 0.343677 0.722615 0.045126 0.046593
12 0.343695 0.362235 0.031758 0.042894
9 0.047702 0.302199 0.035875 0.043903
12 0.284526 0.362478 0.031662 0.042779
5 0.106597 0.722965 0.044943 0.046265
2 0.225235 0.723093 0.047563 0.047549
6 0.106980 0.662973 0.032132 0.042796
12 0.225370 0.362350 0.031906 0.042947
12 0.106993 0.362230 0.031775 0.042956
6 0.047646 0.662907 0.032315 0.042912
8 0.225300 0.302168 0.047659 0.047221
6 0.284487 0.662876 0.032071 0.042354
9 0.462167 0.302142 0.036031 0.043841
6 0.166105 0.663040 0.032158 0.042469
5 0.402502 0.723053 0.045161 0.046319
12 0.462111 0.362310 0.032002 0.042814
1 0.284452 0.724372 0.045457 0.045788
12 0.047811 0.362469 0.032019 0.042938
6 0.225331 0.662978 0.032454 0.042398
7 0.284408 0.303071 0.045387 0.045947
12 0.402937 0.362319 0.031584 0.042885
6 0.402811 0.663027 0.032063 0.042920
12 0.166153 0.362367 0.031575 0.042912
3 0.047607 0.723336 0.036275 0.044283
3 0.462150 0.723221 0.036397 0.044265
3 0.677389 0.746765 0.015544 0.016504
9 0.677272 0.768031 0.015274 0.016327
8 0.629543 0.768097 0.020044 0.017257
11 0.814752 0.767973 0.020070 0.017381
10 0.746249 0.767779 0.020052 0.017027
4 0.746088 0.746513 0.020252 0.017363
2 0.629708 0.746788 0.019974 0.017593
7 0.581810 0.768252 0.018486 0.017425
5 0.814809 0.746412 0.019869 0.017637
12 0.884104 0.768044 0.015065 0.016159
1 0.581584 0.746783 0.019199 0.017708
