6 0.583254 0.532462 0.044335 0.055146
6 0.507897 0.609531 0.044952 0.054677
3 0.431950 0.760968 0.048210 0.057745
9 0.432085 0.222485 0.048375 0.057984
6 0.129752 0.686362 0.041937 0.054156
12 0.129796 0.302016 0.042459 0.054182
6 0.023175 0.146419 0.020982 0.029036
8 0.583102 0.450729 0.049470 0.063846
5 0.583297 0.683988 0.049774 0.058691
0 0.393931 0.488815 0.606890 0.618939
12 0.205452 0.532462 0.045343 0.055040
7 0.583228 0.451578 0.049201 0.062149
1 0.583202 0.684235 0.049652 0.058302
3 0.356564 0.376304 0.047811 0.057737
6 0.658732 0.609602 0.044014 0.054589
6 0.205452 0.609527 0.044631 0.054757
