6 0.129574 0.686317 0.041599 0.053696
0 0.393975 0.489014 0.606681 0.619584
11 0.280056 0.374421 0.049444 0.060442
8 0.583427 0.374235 0.057732 0.060973
6 0.432020 0.532294 0.039314 0.052476
9 0.659040 0.222396 0.045604 0.056534
4 0.431603 0.681256 0.043814 0.061981
9 0.129865 0.222361 0.045882 0.057065
12 0.205182 0.301839 0.039679 0.052661
12 0.432059 0.455566 0.039600 0.052423
2 0.356768 0.758607 0.057411 0.061176
5 0.507063 0.604779 0.048897 0.060009
12 0.356460 0.378736 0.039574 0.052414
6 0.356342 0.609293 0.039427 0.052414
10 0.280530 0.219611 0.043545 0.061768
3 0.507624 0.761172 0.045169 0.056384
6 0.583202 0.686114 0.039435 0.052476
10 0.507350 0.219792 0.043475 0.061706
12 0.658745 0.301808 0.039904 0.052829
7 0.432563 0.219593 0.057585 0.062069
6 0.280738 0.686158 0.039374 0.052334
12 0.129574 0.301808 0.040400 0.052918
1 0.583349 0.758258 0.056221 0.061821
3 0.129722 0.761008 0.046707 0.057524
12 0.583297 0.301760 0.039435 0.052732
12 0.507654 0.455553 0.039027 0.052272
6 0.507663 0.686202 0.039044 0.052263
4 0.431672 0.604147 0.043397 0.061574
6 0.658801 0.686393 0.039965 0.052396
12 0.280904 0.455632 0.039566 0.052555
6 0.205156 0.686410 0.040374 0.052927
6 0.023215 0.146410 0.021129 0.029266
