10 0.507602 0.222299 0.048097 0.058408
10 0.281095 0.223055 0.049088 0.057038
4 0.507858 0.761441 0.048679 0.057630
3 0.658983 0.761026 0.047368 0.057471
0 0.393897 0.488630 0.607289 0.619894
11 0.205930 0.221083 0.048401 0.060062
11 0.583949 0.221295 0.047550 0.059973
12 0.583506 0.301905 0.043658 0.054545
6 0.583410 0.686317 0.045465 0.055570
12 0.658962 0.302078 0.043571 0.054288
6 0.507793 0.686410 0.045560 0.055225
6 0.658805 0.686424 0.044909 0.055500
12 0.507889 0.302011 0.042989 0.054067
6 0.129900 0.686415 0.044648 0.055535
12 0.432259 0.302007 0.043510 0.054253
6 0.205591 0.686401 0.044909 0.055491
6 0.432237 0.686437 0.044683 0.054854
6 0.356733 0.686432 0.045126 0.055057
12 0.281186 0.301958 0.043136 0.054439
12 0.356659 0.302029 0.042632 0.053996
6 0.281064 0.686335 0.044231 0.055093
12 0.205704 0.302095 0.041885 0.053828
12 0.129891 0.302073 0.042268 0.053873
9 0.658901 0.222440 0.047567 0.057666
9 0.129935 0.222418 0.047793 0.058028
5 0.583653 0.760000 0.047915 0.059894
5 0.205899 0.760106 0.047402 0.060177
3 0.129917 0.760897 0.047967 0.058541
2 0.356277 0.760566 0.050434 0.060018
6 0.023189 0.146446 0.021112 0.029036
2 0.507780 0.761295 0.048940 0.058011
8 0.356360 0.221424 0.049401 0.060513
2 0.281038 0.760902 0.049218 0.058479
7 0.432042 0.221844 0.049713 0.059885
4 0.281012 0.761105 0.049096 0.058090
1 0.431959 0.760469 0.050487 0.059346
