0 0.326199 0.499041 0.630226 0.638594
7 0.208983 0.779138 0.060799 0.059956
6 0.443640 0.302821 0.042641 0.056888
6 0.052854 0.303055 0.042789 0.056242
6 0.522050 0.302821 0.043023 0.056746
6 0.600334 0.302927 0.043571 0.056976
12 0.052728 0.701185 0.042937 0.057648
8 0.130990 0.618780 0.065056 0.062706
6 0.130930 0.302927 0.042624 0.056569
1 0.130834 0.221618 0.060156 0.060053
2 0.365404 0.379187 0.065161 0.063183
12 0.052763 0.621693 0.042502 0.057392
12 0.600230 0.621676 0.043050 0.057533
12 0.521977 0.541857 0.042459 0.057153
4 0.443879 0.379385 0.059731 0.062538
12 0.443771 0.541813 0.042433 0.056923
