12 0.658962 0.302073 0.043362 0.054191
6 0.281234 0.609571 0.045317 0.054934
6 0.205647 0.686521 0.044987 0.055482
12 0.507897 0.302060 0.042450 0.053634
9 0.129900 0.222467 0.047828 0.058161
4 0.507819 0.761631 0.049001 0.057498
10 0.281047 0.223134 0.049270 0.056914
3 0.129974 0.760964 0.047941 0.058515
10 0.507611 0.374558 0.045109 0.061070
2 0.356360 0.760668 0.050321 0.059602
6 0.023175 0.146437 0.021051 0.029001
8 0.356351 0.221304 0.049348 0.060663
3 0.659018 0.761202 0.047680 0.057966
11 0.431920 0.221941 0.049279 0.059461
7 0.432046 0.221972 0.049427 0.059611
12 0.356642 0.302016 0.042702 0.053864
12 0.281142 0.301888 0.042789 0.054032
12 0.205639 0.302069 0.042242 0.053740
9 0.658879 0.222427 0.047402 0.057551
12 0.129857 0.302082 0.041920 0.053572
0 0.393797 0.488700 0.607055 0.619876
11 0.281481 0.375323 0.047793 0.060124
5 0.357163 0.529072 0.047863 0.059788
6 0.583427 0.609496 0.045708 0.055455
11 0.583849 0.221238 0.047593 0.059735
12 0.583506 0.301936 0.042824 0.054147
6 0.507867 0.686419 0.045760 0.055190
5 0.281325 0.529116 0.047880 0.060177
6 0.129965 0.686441 0.044726 0.055500
6 0.658931 0.686459 0.044900 0.055623
6 0.432276 0.532591 0.045161 0.054695
4 0.281043 0.761136 0.048983 0.057940
3 0.659070 0.761309 0.047785 0.058055
1 0.432042 0.760584 0.050877 0.058921
