12 0.432068 0.442122 0.040504 0.053333
6 0.583141 0.686185 0.039713 0.052582
12 0.205178 0.301835 0.039670 0.052670
1 0.432389 0.758249 0.056403 0.061309
5 0.506990 0.604691 0.049027 0.060150
3 0.658992 0.761061 0.046308 0.057100
4 0.431655 0.604164 0.043362 0.061609
2 0.356664 0.758404 0.057533 0.060911
6 0.658784 0.686415 0.040156 0.052723
12 0.507693 0.301958 0.039922 0.052511
12 0.658762 0.301817 0.040200 0.052935
6 0.356390 0.609147 0.039140 0.052193
12 0.280895 0.455601 0.039600 0.052582
10 0.507350 0.219691 0.043423 0.061768
6 0.507663 0.686269 0.039027 0.052290
6 0.280752 0.686176 0.039209 0.052263
12 0.129570 0.301804 0.040408 0.052927
3 0.129713 0.760981 0.046603 0.057401
6 0.129548 0.686331 0.040938 0.053280
6 0.205096 0.686406 0.039470 0.052387
12 0.583258 0.301755 0.039461 0.052759
12 0.356460 0.378744 0.039731 0.052520
7 0.432619 0.219531 0.057385 0.062193
6 0.023206 0.146415 0.021129 0.029257
8 0.356907 0.220252 0.057845 0.060858
11 0.582576 0.220380 0.049809 0.060690
11 0.280070 0.374447 0.049505 0.060548
0 0.394157 0.488890 0.607046 0.619991
5 0.280083 0.604867 0.049079 0.059620
9 0.129861 0.222347 0.045960 0.056967
6 0.432050 0.532246 0.039235 0.052608
9 0.659083 0.222343 0.045673 0.056764
10 0.280500 0.219536 0.043588 0.061919
4 0.507389 0.758271 0.044179 0.062025
