9 0.522085 0.780066 0.049765 0.057286
7 0.130891 0.779001 0.060669 0.060601
8 0.287480 0.778422 0.065908 0.064200
6 0.443662 0.302759 0.043484 0.057082
3 0.209387 0.620725 0.050035 0.057082
6 0.052858 0.303068 0.042867 0.056340
6 0.600339 0.302935 0.043858 0.057206
6 0.522063 0.302812 0.043553 0.057065
12 0.052711 0.701136 0.043076 0.057622
6 0.130951 0.302940 0.042806 0.056720
1 0.130869 0.221614 0.060261 0.060221
12 0.600243 0.621649 0.042971 0.057498
12 0.052750 0.621640 0.042702 0.057339
12 0.521964 0.541826 0.042572 0.057162
2 0.443632 0.697847 0.064831 0.062785
4 0.443862 0.379469 0.060374 0.063201
12 0.443749 0.541768 0.042580 0.056976
11 0.130083 0.619266 0.058810 0.060495
11 0.521299 0.698873 0.058792 0.060522
0 0.326368 0.499222 0.630096 0.639169
