1 0.432221 0.827513 0.056093 0.075097
8 0.357384 0.176401 0.057593 0.073870
6 0.656988 0.740643 0.039849 0.063827
6 0.206983 0.740520 0.038907 0.063769
12 0.207017 0.274830 0.039058 0.063986
6 0.357105 0.740397 0.038907 0.063220
12 0.432102 0.274747 0.039192 0.063401
6 0.581980 0.740513 0.039064 0.063841
6 0.507084 0.740318 0.038599 0.062960
12 0.357233 0.274809 0.039209 0.063466
6 0.131892 0.740509 0.039983 0.064527
6 0.432137 0.740350 0.039262 0.063646
10 0.506805 0.175083 0.042692 0.074960
12 0.657020 0.274877 0.039692 0.064238
12 0.582070 0.274895 0.038965 0.063827
12 0.282064 0.274870 0.039186 0.063733
9 0.131959 0.178776 0.045442 0.068758
3 0.131866 0.830971 0.045419 0.069466
6 0.281977 0.740509 0.039163 0.063892
12 0.132015 0.274740 0.039448 0.064238
5 0.581073 0.828361 0.048552 0.073516
12 0.507023 0.274812 0.039128 0.063776
4 0.281663 0.827365 0.042442 0.075148
10 0.281698 0.175332 0.042988 0.075502
1 0.432302 0.175643 0.057453 0.075329
8 0.357157 0.828134 0.057174 0.074448
3 0.657273 0.830968 0.045581 0.069083
11 0.206256 0.828534 0.048698 0.073718
9 0.657209 0.831047 0.045767 0.069386
10 0.506506 0.827462 0.043012 0.074939
5 0.205852 0.828274 0.048715 0.073877
2 0.357451 0.827895 0.057320 0.074202
9 0.657241 0.179029 0.044924 0.068152
0 0.394808 0.501249 0.602326 0.750383
11 0.206238 0.176238 0.049651 0.073343
11 0.581221 0.176159 0.049616 0.073401
