12 0.061676 0.469286 0.073130 0.045573
9 0.560912 0.581526 0.078657 0.046846
1 0.437852 0.695124 0.096426 0.049188
7 0.817194 0.349060 0.098963 0.048017
9 0.563449 0.351987 0.078657 0.046846
6 0.811912 0.584387 0.072731 0.045115
6 0.436949 0.584103 0.072398 0.044846
6 0.812097 0.526355 0.072398 0.044769
6 0.061319 0.642167 0.072750 0.045103
6 0.312000 0.641737 0.072333 0.045081
4 0.561875 0.522141 0.077176 0.049034
4 0.562102 0.695583 0.076796 0.048688
10 0.812255 0.464776 0.077528 0.050244
3 0.936958 0.696085 0.080046 0.050051
6 0.186977 0.699385 0.072509 0.045111
12 0.436949 0.526353 0.072657 0.045167
12 0.686954 0.411451 0.072870 0.045756
0 0.499333 0.554526 0.998667 0.465598
12 0.186889 0.411432 0.073130 0.045812
