12 0.811394 0.411152 0.072361 0.045158
0 0.499394 0.554368 0.998787 0.465513
4 0.811611 0.464994 0.076944 0.048380
12 0.061560 0.411412 0.071935 0.044697
10 0.937079 0.580079 0.078713 0.049893
3 0.562792 0.350746 0.100880 0.057697
9 0.691088 0.351250 0.081139 0.046560
7 0.936704 0.350746 0.103074 0.049594
12 0.188884 0.410970 0.063602 0.040487
1 0.813898 0.753590 0.103074 0.047573
12 0.061292 0.411607 0.072083 0.044675
6 0.436597 0.641919 0.072120 0.045000
6 0.061755 0.699889 0.071639 0.045009
12 0.936398 0.468709 0.072463 0.044829
